1.62390494 -4.23895693 0.21210600 128 168 103 3.000000
1.10897601 -5.10518408 8.08250904 119 160 94 3.000000
0.15753700 0.30585700 3.82797098 116 170 56 3.000000
1.23443496 -3.47127891 6.60628414 139 177 54 3.000000
-2.12606597 2.16880894 6.85747099 130 171 58 3.000000
-1.22778296 2.25614405 6.64423609 152 192 107 3.000000
1.01355803 -3.61040497 -1.19342697 139 166 122 3.000000
1.48774004 -4.03802490 0.17081000 133 175 105 3.000000
3.23076892 -5.50694609 0.66361099 143 182 114 3.000000
0.41773000 -3.36685610 6.95858002 119 158 55 3.000000
-0.79727203 1.48452199 1.90268803 115 157 79 3.000000
-0.06222500 -3.22936106 6.23223400 137 172 59 3.000000
1.04900098 -3.26679802 6.56077719 131 163 56 3.000000
-0.13266400 0.77960497 4.79371977 111 164 41 3.000000
1.66755700 -4.88474703 8.26268959 160 178 128 3.000000
-0.92790401 -0.08626300 4.19400406 139 178 30 3.000000
-0.38469401 -0.38673899 3.68281102 143 183 25 3.000000
-1.04689097 -0.60358602 3.35487509 152 191 62 3.000000
-1.15826404 2.38074994 2.87728810 110 157 76 3.000000
0.71324199 -2.71048188 -0.95156598 125 161 81 3.000000
-1.68060696 1.51052296 1.96811295 128 157 78 3.000000
-1.66475403 1.58847702 2.09681892 128 156 78 3.000000
-1.22279799 0.07977100 3.52671003 140 180 30 3.000000
2.01411390 -5.43731022 8.33353519 136 163 129 3.000000
0.15545499 -2.89112806 4.80787897 213 242 207 3.000000
-2.55843210 1.99337697 7.22079706 134 165 59 3.000000
2.08171391 -4.04555893 -0.60104799 98 159 109 3.000000
-2.65289593 2.06160212 6.88467789 126 168 50 3.000000
1.37046897 -3.68731904 0.06996700 131 171 92 3.000000
-0.81812900 0.17195900 4.23335981 128 169 44 3.000000
0.35021099 -1.99747801 4.52529812 148 182 21 3.000000
0.64992702 -4.59100199 8.23001575 123 164 69 3.000000
1.45733905 -5.20757008 8.76894665 167 192 136 3.000000
-0.31900999 -0.14058299 4.39044189 138 182 32 3.000000
-0.97552001 -0.02611000 -1.13321102 137 160 126 3.000000
-0.51690000 -2.18029189 3.55014992 127 168 67 3.000000
-0.06465900 -3.17209411 6.13976002 136 171 51 3.000000
2.89080095 -5.94130993 0.09816000 129 155 130 3.000000
-1.50661695 2.21368694 6.00437117 148 186 87 3.000000
-0.35534900 -0.10958800 -0.95348102 138 167 108 3.000000
-1.42183101 2.47694492 2.89440489 123 159 90 3.000000
3.35992289 -5.18514681 0.62146199 143 169 117 3.000000
1.26054502 -5.65141821 8.45498371 138 174 95 3.000000
1.05881202 -3.01321507 5.34322882 141 180 42 3.000000
-1.07160401 1.38999403 1.98521304 119 156 73 3.000000
1.10197198 -5.09816694 8.22626686 122 163 85 3.000000
0.16748400 0.47057000 3.76803088 127 179 76 3.000000
0.00703200 -2.62349606 4.86413002 138 176 55 3.000000
-0.73509502 1.35084605 1.82634795 116 156 81 3.000000
2.16009307 -4.02967119 0.18297000 139 168 117 3.000000
0.86814702 -0.31506401 3.69418597 147 183 29 3.000000
2.61582589 -5.56500721 0.11838000 134 163 116 3.000000
2.09194398 -4.84944010 0.58656299 126 165 104 3.000000
0.17987899 -3.02948594 5.99796915 127 164 58 3.000000
0.69374597 -2.67186403 -1.14121795 128 166 87 3.000000
-1.55420995 1.99294305 6.79523993 151 188 86 3.000000
0.08376400 0.01231800 3.57985711 113 169 40 3.000000
1.58822596 -6.35694695 8.60611153 125 161 100 3.000000
0.83626598 -4.97461891 7.94149685 141 179 71 3.000000
0.88366801 -3.07018089 -0.75813401 130 172 95 3.000000
0.58990002 -2.97980690 5.71162605 124 154 65 3.000000
0.79336500 -3.08624601 -0.93412602 121 162 91 3.000000
-1.91580200 1.01028097 5.78750086 134 172 48 3.000000
0.84747899 -3.51180196 7.07906199 129 170 48 3.000000
0.04598100 0.05420200 0.05958500 186 208 236 3.000000
-0.28288600 -3.35813403 5.93597698 143 180 34 3.000000
-1.60646200 2.00230908 6.64972019 147 187 68 3.000000
-0.93285400 0.00671300 -0.92761898 127 160 123 3.000000
-0.94171900 1.26860499 4.65527391 150 189 63 3.000000
-2.07596302 2.12608504 6.46477413 136 177 70 3.000000
-2.53172207 3.12045407 7.31267405 133 166 96 3.000000
0.71899301 -2.96084499 6.41611195 127 168 51 3.000000
-0.96442598 1.59086502 5.85507917 130 176 72 3.000000
-1.71091604 2.09886289 3.05187798 130 175 36 3.000000
-1.56795204 2.28504896 3.43109703 127 169 46 3.000000
2.68234801 -5.09636021 0.35296401 127 164 131 3.000000
1.05762601 -4.03171587 7.85040617 126 169 53 3.000000
-0.19535699 -3.63133001 7.36337519 149 176 81 3.000000
-2.40382409 1.79865301 6.37449503 117 163 41 3.000000
-0.43763801 -2.68944407 4.16243505 117 159 81 3.000000
-0.55097401 1.28996599 5.22410822 148 187 51 3.000000
1.15765095 -3.01714802 -0.21002400 141 161 123 3.000000
0.54333699 -4.96165419 7.70124292 136 177 97 3.000000
1.02556705 -6.06323004 8.26388359 137 173 89 3.000000
-0.88907403 -0.12903900 -1.46197104 144 166 129 3.000000
2.90843201 -5.83402586 0.45008099 146 166 117 3.000000
-2.17492104 2.97084403 7.25721216 128 172 67 3.000000
1.11674201 -3.45585203 -0.24259800 134 176 99 3.000000
-0.78681397 1.68654895 5.84421015 136 175 83 3.000000
-1.58591795 1.86699998 2.97685003 131 175 40 3.000000
0.61115301 -4.45815706 8.08537865 122 164 72 3.000000
-1.52803695 1.58615196 6.07441092 135 178 85 3.000000
-0.38414201 1.16917896 1.55862796 120 159 86 3.000000
0.49589401 -5.36965322 8.48730278 132 168 101 3.000000
-0.76663703 1.89222395 2.29045701 111 157 85 3.000000
0.38144800 -1.95503497 5.12564421 153 186 56 3.000000
2.37483096 -5.23265314 0.43273500 136 165 106 3.000000
1.27974999 -4.87843704 8.21843147 125 166 75 3.000000
2.51046991 -4.57020903 0.34200299 109 157 107 3.000000
0.54588002 -2.31652904 5.50376081 142 177 44 3.000000
-1.09647095 2.11711311 2.04094601 137 178 84 3.000000
-1.82053101 2.38517404 3.37729907 132 174 37 3.000000
1.49869597 -4.11693287 8.19770908 166 170 141 3.000000
-1.93731499 0.64809000 5.53142309 141 187 64 3.000000
-1.95111501 2.95037889 7.62470388 117 165 84 3.000000
2.23359299 -4.04953623 -0.50870401 101 160 110 3.000000
-0.94018298 0.13276100 -0.80557501 136 162 123 3.000000
-0.32196501 -2.80619597 5.15600586 148 184 35 3.000000
3.25238395 -5.64859200 0.63595301 143 179 118 3.000000
-0.48699799 -3.01414704 6.02189493 152 182 72 3.000000
2.49834299 -5.08977604 0.78856498 137 178 110 3.000000
-1.56816602 1.87865901 6.16072989 222 231 182 3.000000
0.94442397 -3.49152088 7.56813717 136 166 39 3.000000
-1.07364905 0.92771602 0.74234098 127 167 116 3.000000
3.04725003 -5.98519993 0.08482000 136 162 143 3.000000
1.03734601 -2.83370709 -0.48099700 137 155 112 3.000000
-0.15003701 -0.00373300 -0.36748299 126 165 92 3.000000
-1.26341903 1.90246403 6.51820898 153 191 111 3.000000
-0.56115502 0.50855398 0.24468200 139 166 105 3.000000
-0.73003203 2.14469194 2.59480596 111 158 87 3.000000
-1.61277103 2.22467709 6.96500206 133 169 92 3.000000
3.02238607 -5.65330982 0.64403200 143 175 114 3.000000
0.32406601 -5.91904497 8.52885628 134 173 49 3.000000
0.20229200 -2.28884411 4.43408680 136 176 34 3.000000
0.75882101 -5.45281601 7.85937786 129 167 85 3.000000
0.68095899 -2.65579510 4.30201292 151 183 42 3.000000
0.49715099 -4.94685888 8.60538578 122 162 93 3.000000
1.15070295 -5.88387680 8.39411736 139 175 116 3.000000
1.41881096 -4.84355879 8.26511288 132 172 79 3.000000
-1.76670003 2.57498097 3.38413811 133 176 39 3.000000
0.07303800 -2.48067498 4.48337317 136 176 52 3.000000
1.96779001 -4.35055304 0.60237300 135 173 102 3.000000
-2.39230704 1.98055899 6.63748980 131 169 55 3.000000
-0.24035101 -0.14016400 -0.91556299 140 175 102 3.000000
1.34635901 -2.87727308 -0.69876802 125 160 81 3.000000
1.49485600 -5.61339712 8.80070019 153 182 134 3.000000
0.61144400 -3.63432908 7.12168217 125 166 50 3.000000
0.79514199 -3.26693392 6.82188606 122 163 51 3.000000
1.73587203 -4.14637709 0.32397899 139 176 107 3.000000
1.33654404 -3.19104099 6.44591188 143 175 64 3.000000
-0.75641698 0.77516598 5.21418619 164 181 132 3.000000
1.18376398 -3.28614211 -0.16441600 125 160 85 3.000000
-1.17136598 1.33535302 5.07992983 154 189 74 3.000000
0.24466100 -3.25980711 6.65217113 123 161 66 3.000000
-2.67424512 2.06686807 6.86604309 127 169 49 3.000000
-1.99287701 3.09349799 7.63658905 111 160 83 3.000000
-0.14783099 -0.10254700 -0.53540301 132 171 90 3.000000
-0.99714297 -0.48434600 3.73281693 153 188 104 3.000000
1.38310695 -4.80505705 8.56655979 125 167 83 3.000000
-1.15455997 1.35364199 1.82925200 114 155 66 3.000000
-0.52403700 -0.02200100 -0.64627701 136 165 103 3.000000
3.27399898 -5.19095993 0.62910700 145 173 113 3.000000
0.61382598 -4.47358513 7.66929579 125 165 101 3.000000
-2.19944811 1.58025599 6.56340504 128 169 38 3.000000
-0.12932900 -3.11567497 6.04256392 141 177 56 3.000000
-0.96262300 1.69195604 2.07054305 116 160 75 3.000000
2.88172603 -5.49877119 0.69433898 142 172 112 3.000000
1.74442005 -3.89613104 -0.15004601 133 166 97 3.000000
1.06551802 -3.06510496 -0.38551000 129 160 89 3.000000
0.85882097 -3.26478791 -0.75793397 120 159 89 3.000000
1.45126200 -5.43608284 8.66672516 146 181 115 3.000000
2.44878197 -4.87247896 0.86220300 137 176 104 3.000000
-1.18245101 1.53313506 6.01787376 142 181 80 3.000000
-1.64439094 1.71328700 6.07649088 138 167 89 3.000000
1.29094601 -3.68577003 -0.01680300 133 175 97 3.000000
1.96786702 -5.06570101 -0.15715700 142 161 110 3.000000
0.26885599 -2.72648001 5.44670916 124 164 46 3.000000
-1.55142999 2.61225200 7.40551710 112 161 90 3.000000
0.43081799 -3.72746301 7.30230999 117 158 58 3.000000
-2.00497007 0.61691898 5.60013294 139 187 64 3.000000
0.49016801 -3.14021897 4.19791222 139 175 39 3.000000
-1.96115100 2.14606500 6.87384701 130 171 67 3.000000
3.30534410 -5.95197916 0.51179302 148 179 114 3.000000
-0.19703101 -2.63657594 3.82145309 132 166 92 3.000000
-1.53448701 1.08208001 1.49233305 126 158 106 3.000000
3.29352403 -5.10813379 0.58556998 124 162 110 3.000000
2.15132499 -5.90938807 8.75616837 139 172 112 3.000000
0.44499001 -5.95152378 8.55944920 133 174 58 3.000000
-1.17438400 1.43556499 5.86067486 132 174 87 3.000000
-0.75420702 2.06761003 2.48183489 109 154 88 3.000000
-2.70393991 2.76105905 7.22263718 126 165 75 3.000000
3.16216612 -4.88135910 0.04230800 100 158 108 3.000000
0.01658700 -0.16540401 -1.30624795 140 173 91 3.000000
0.57736999 -5.90216303 8.45516205 133 171 71 3.000000
1.62575901 -3.67302394 0.39289701 142 170 110 3.000000
2.75205112 -5.72649717 0.00579500 116 160 115 3.000000
0.61084098 -0.12898800 3.55121589 143 180 38 3.000000
-1.43297899 1.61673498 6.13389111 130 171 85 3.000000
-2.11220503 3.36009407 7.79136276 115 165 87 3.000000
-1.45945001 2.20328212 6.71641111 128 177 87 3.000000
3.40427494 -5.41205692 0.47677401 105 158 111 3.000000
2.48725796 -4.27635479 0.00585800 133 165 94 3.000000
1.06211197 -3.32639503 -0.39603099 130 171 93 3.000000
-0.73053300 1.34021902 5.23600817 148 189 50 3.000000
3.02256703 -5.48831701 0.40217799 123 166 123 3.000000
-0.45700401 0.83129698 4.55581999 146 187 38 3.000000
-0.80359697 -0.28083399 4.02554417 138 179 26 3.000000
-0.99997997 1.03609395 1.00064194 127 160 99 3.000000
-0.56568700 0.14868499 4.03264189 134 175 34 3.000000
-0.42459100 -2.39289999 3.33969903 120 154 95 3.000000
2.44483209 -5.26347589 0.10976200 128 169 122 3.000000
1.84404898 -4.28009081 0.43862900 136 175 105 3.000000
-0.10191800 -2.52842498 4.58117199 139 173 29 3.000000
-0.65863103 1.12055004 0.99005401 120 157 89 3.000000
0.34812000 -2.01273298 4.92461205 152 187 32 3.000000
-0.59584600 1.40104699 1.79987395 117 157 92 3.000000
1.91935599 -5.34800720 8.42277718 146 179 48 3.000000
-1.48875499 1.80873895 2.93821001 133 178 45 3.000000
-1.54374301 -0.05732300 2.20618796 149 175 108 3.000000
-1.56821597 2.66701603 6.28112411 142 180 73 3.000000
-0.96313000 0.01229800 2.80888510 144 179 50 3.000000
0.86472201 -2.10544610 3.81609893 138 180 30 3.000000
-0.02668900 -3.27048802 6.61827278 131 166 66 3.000000
0.75807703 -2.25422692 5.54573393 154 183 65 3.000000
-0.64979702 1.74435306 6.01562786 142 162 100 3.000000
-1.52463901 2.44920206 6.38806486 142 183 60 3.000000
-1.42797899 1.26901400 1.69062698 119 154 72 3.000000
0.40290099 -4.23239803 7.47389984 141 176 94 3.000000
1.51292598 -5.10927200 8.59930038 157 183 128 3.000000
1.59256899 -3.89072800 0.29295501 133 169 94 3.000000
-0.45332801 0.20724800 4.28601980 127 171 38 3.000000
-0.39838901 -2.75353098 4.91666794 143 179 26 3.000000
-2.01896000 1.75615299 6.60694981 135 176 46 3.000000
1.17726302 -3.51427388 -0.15012801 132 173 96 3.000000
2.59341311 -4.62429523 0.30969000 101 155 113 3.000000
0.02337600 -0.36351401 4.15802288 121 171 45 3.000000
-0.37153801 -2.24226403 3.61573100 126 164 77 3.000000
-0.97712100 0.92676401 4.86668396 141 181 49 3.000000
0.09005700 -2.76354790 5.36468887 139 175 67 3.000000
1.75501597 -4.32223320 0.29690799 136 175 109 3.000000
0.41798699 -3.12906504 6.49053621 120 160 51 3.000000
1.11530006 -5.23688698 8.21635818 121 160 92 3.000000
-2.32119894 1.66073000 6.61420679 119 164 42 3.000000
1.10398102 -3.37883902 6.07973814 140 179 59 3.000000
2.19659710 -4.71123219 0.66176301 134 175 109 3.000000
3.01033807 -5.68378878 0.27919501 128 164 131 3.000000
-0.36581999 0.92164099 4.78003597 141 182 38 3.000000
-0.50627202 -0.02770700 -0.66824198 135 166 101 3.000000
2.48171806 -5.11702681 0.30952001 133 165 124 3.000000
0.04158800 0.07298200 3.10144496 110 169 49 3.000000
-0.29995599 -0.08125600 -0.56312197 139 178 91 3.000000
-0.18331701 -0.14894700 -0.71590799 136 173 89 3.000000
0.91216499 -4.93379498 8.63510036 126 169 102 3.000000
2.64489007 -5.27208424 0.80316597 139 176 111 3.000000
-0.87380600 0.18878800 4.27219296 130 170 45 3.000000
0.61515498 -0.15158500 3.51016212 143 181 37 3.000000
0.69783300 -3.66527605 7.48948288 128 169 49 3.000000
-1.37641501 2.24360895 2.57578802 121 166 67 3.000000
-1.78468204 2.21004605 3.50219011 132 176 38 3.000000
-0.07299200 -0.17484599 -0.58214998 127 164 94 3.000000
2.79781389 -5.67281199 0.61496598 145 172 113 3.000000
1.37490201 -3.41943693 -0.57267898 132 171 108 3.000000
2.80088401 -5.42876816 0.34608799 125 165 122 3.000000
0.38935700 -2.45631194 4.12782907 123 158 53 3.000000
-1.71340597 2.19856310 3.17207599 131 176 38 3.000000
0.03188000 -5.07262278 8.04572010 132 169 86 3.000000
-0.71776301 0.66418499 5.11941481 165 182 128 3.000000
-0.13165900 -3.24499798 6.79776287 134 171 49 3.000000
-0.60178000 -0.09587300 3.99891400 137 178 31 3.000000
-0.26924101 -0.15475400 -0.70826000 140 177 97 3.000000
-1.73027897 1.97940004 2.90654302 132 176 38 3.000000
0.66381502 -2.85846496 -1.29342103 115 155 89 3.000000
-1.27904499 2.28550410 2.83271599 107 154 77 3.000000
1.09946406 -3.24644399 7.25173092 154 172 88 3.000000
0.14751799 -0.32383099 3.92669296 127 174 21 3.000000
3.33521008 -5.16923189 0.03013800 100 154 110 3.000000
-1.35353100 1.35655200 5.88757277 141 181 77 3.000000
0.51846498 -2.61633205 4.42504787 153 187 31 3.000000
-1.68509698 2.48310494 7.21752405 111 166 75 3.000000
2.95221305 -5.95466995 -0.00941400 112 154 110 3.000000
-0.96903998 1.51296198 2.03621197 114 158 69 3.000000
1.15186405 -3.66793895 7.59264612 135 168 39 3.000000
-1.75880206 1.09712803 5.84869719 136 177 44 3.000000
2.19194794 -4.22604322 -0.04278300 98 158 117 3.000000
0.31536499 -0.60367298 3.88932109 137 176 29 3.000000
0.17903800 0.27240101 -0.34324801 150 176 114 3.000000
1.53911698 -5.59022188 8.74539375 151 182 129 3.000000
-1.11785102 1.04213703 1.09282100 119 155 103 3.000000
1.21647406 -4.37408781 -0.03690400 132 161 113 3.000000
0.62637198 -2.76402903 6.17665100 129 170 46 3.000000
2.37033892 -5.32422876 8.40316582 141 179 58 3.000000
-0.74943203 0.95959198 1.01515400 127 162 103 3.000000
2.63105607 -5.42832994 0.71912003 134 169 104 3.000000
0.76247603 -3.23118305 -0.90255702 119 160 90 3.000000
-0.05148300 -0.42411199 4.22666502 121 174 45 3.000000
1.35563695 -3.48924804 0.05379600 132 163 88 3.000000
3.50239301 -5.84184313 0.09424200 160 188 125 3.000000
-1.39460003 1.14958405 1.39571404 120 155 91 3.000000
-0.47948799 1.67853105 5.48981190 151 189 62 3.000000
-1.10701799 0.77757299 4.70585489 146 186 54 3.000000
0.63911802 -1.04414105 3.28238797 151 191 89 3.000000
2.67427111 -5.59255791 0.64546698 144 172 110 3.000000
3.02222490 -5.44579697 0.75638199 152 182 119 3.000000
2.25303102 -5.82871485 -0.03088600 130 161 135 3.000000
1.81111598 -4.49776506 0.28702599 132 170 108 3.000000
-2.22281098 1.21466398 6.62056017 144 167 48 3.000000
2.66140795 -5.69979000 0.47385001 147 170 114 3.000000
1.67165995 -4.67857981 8.48345661 173 182 153 3.000000
2.98912311 -5.04256821 0.47363400 115 163 110 3.000000
1.46532595 -4.26629210 0.09852700 121 160 97 3.000000
3.20027804 -5.07738304 0.51163101 111 158 112 3.000000
-0.63090700 2.09492803 6.20454693 117 171 75 3.000000
1.10898101 -4.20590019 -0.35658401 141 165 121 3.000000
1.17751300 -2.91721392 -0.95349598 121 163 94 3.000000
2.85483408 -5.23293781 1.01949501 143 175 111 3.000000
-1.97332704 2.31291509 7.05384922 131 173 69 3.000000
0.55836701 -2.58783007 5.54650307 127 169 35 3.000000
1.20051801 -3.69317508 -0.16048200 128 171 98 3.000000
2.16950607 -5.65365982 0.03256900 133 164 136 3.000000
3.45466089 -6.11449909 0.47308099 149 177 113 3.000000
3.41058707 -5.60395098 0.60104299 142 178 118 3.000000
3.63968706 -6.06550884 0.28767100 168 190 121 3.000000
3.38659000 -5.46259594 0.60163599 142 180 111 3.000000
0.61712402 -3.22850204 -1.12162805 123 155 93 3.000000
1.71920598 -4.62468719 0.20785201 135 169 103 3.000000
-0.84048402 0.24648599 4.47322702 128 170 52 3.000000
2.60982704 -5.08740711 0.88440299 138 175 108 3.000000
1.80400300 -4.67579222 0.27457300 134 169 105 3.000000
1.26831901 -3.47511601 -0.02048700 129 166 87 3.000000
0.25084499 -4.98650885 8.08878708 133 171 91 3.000000
-2.24119401 3.28645802 7.51710987 123 164 79 3.000000
0.85424900 -3.62085700 7.43427420 129 170 44 3.000000
-0.97430700 0.59634101 4.43011713 151 189 62 3.000000
1.55052996 -4.47662878 0.10861800 133 167 107 3.000000
1.47609401 -4.48890781 0.02325400 138 169 114 3.000000
-1.66312301 3.46827507 7.88694811 162 179 129 3.000000
1.40532303 -4.04734516 0.10657700 123 165 97 3.000000
0.44106799 -3.22717094 6.64811993 123 162 51 3.000000
-0.79086900 0.85342097 4.67712402 140 180 39 3.000000
-2.37319493 3.13635707 7.31384993 135 163 98 3.000000
1.62239397 -4.06314611 0.26353699 137 176 105 3.000000
1.09445298 -3.31849790 6.01854801 141 180 56 3.000000
0.82921398 -5.44912720 8.00861835 132 169 98 3.000000
-2.13551211 2.90728807 6.93217897 118 169 87 3.000000
0.83293098 -2.84957099 -0.77138102 128 165 85 3.000000
0.01054400 -2.26698709 3.54543591 136 166 102 3.000000
0.85888201 -3.47747898 -0.62197399 118 157 88 3.000000
1.29825199 -3.85782409 -0.02923300 126 167 100 3.000000
0.11018000 -4.08902597 6.97306299 127 167 77 3.000000
-0.78571498 1.92163599 6.57813120 143 169 95 3.000000
-0.35249001 0.87289602 4.64844418 140 182 35 3.000000
0.85396498 -4.98351479 8.67658138 125 167 103 3.000000
1.31314898 -3.28822708 -0.73232102 124 163 102 3.000000
3.28840089 -5.18601608 0.03445200 101 157 112 3.000000
-1.45114803 2.80038810 7.58900309 105 160 90 3.000000
1.11108696 -4.09998178 -0.30676201 124 156 105 3.000000
-0.79755503 0.30748200 4.27782106 134 175 47 3.000000
2.68901491 -5.07585621 0.98640501 140 174 103 3.000000
1.13095403 -3.10084796 -0.24768201 128 155 100 3.000000
2.26106191 -4.68012619 0.83870500 136 174 100 3.000000
2.47526407 -5.50130415 0.25285900 157 178 115 3.000000
-0.52425200 0.68600798 0.75782198 117 154 79 3.000000
3.07166195 -5.47678709 0.69097400 147 183 116 3.000000
1.06199300 -4.05160093 -0.16996101 124 158 98 3.000000
0.80383497 -4.87923622 7.84512711 124 167 112 3.000000
1.00321305 -3.08780193 -0.54344201 125 164 87 3.000000
1.24199605 -3.54044890 6.48667288 141 180 57 3.000000
2.46245909 -5.18641520 0.31196800 141 174 112 3.000000
-1.54125798 1.19104898 6.22305584 151 187 46 3.000000
2.89922595 -4.61871481 0.32866800 138 167 95 3.000000
1.14824402 -3.13023901 -0.94452101 119 161 101 3.000000
0.99547601 -3.62084889 6.84893703 128 170 58 3.000000
-0.48652300 0.60530400 4.70408201 139 181 33 3.000000
1.17374504 -2.74704003 -0.90998697 135 164 102 3.000000
0.91615200 -3.29434705 -0.63582498 126 166 96 3.000000
0.43421999 -2.47767591 5.43010712 134 174 39 3.000000
0.48209000 -5.04488707 8.25314045 136 173 104 3.000000
1.37210500 -4.09950113 -0.36050200 131 157 132 3.000000
1.65523100 -4.67731619 0.07903400 137 166 109 3.000000
3.31318903 -5.25761509 -0.10336300 104 156 112 3.000000
-1.01637006 1.91967201 5.41526079 210 220 152 3.000000
1.83421397 -4.83452082 0.25452200 138 168 103 3.000000
1.82797003 -4.07732487 0.46087900 131 166 92 3.000000
-0.85632700 2.50609398 3.07945299 108 154 78 3.000000
0.08320200 -2.38898897 4.05183411 125 161 89 3.000000
2.47038794 -5.23710394 0.63405800 129 163 102 3.000000
1.34280097 -3.41548491 -0.71310401 121 161 106 3.000000
2.04496002 -4.47682810 0.65976202 136 175 103 3.000000
0.46604300 -3.87401104 7.24281216 124 162 64 3.000000
3.23564100 -5.14201880 0.01817200 103 157 113 3.000000
1.02264297 -3.63298297 -0.34832001 119 158 89 3.000000
3.34206104 -5.36396790 0.50220698 109 160 117 3.000000
0.66054302 -4.10197878 7.82483816 130 171 53 3.000000
2.47273993 -5.38860512 0.59968001 128 159 91 3.000000
-0.91820198 2.27146101 1.88032496 116 157 60 3.000000
-0.37988299 0.57427001 3.81523705 113 173 35 3.000000
2.23408389 -4.89390707 0.65633398 132 173 110 3.000000
3.27360296 -5.30060816 0.48710501 105 156 115 3.000000
1.48755801 -5.48585987 8.04636955 111 156 114 3.000000
0.48980099 -4.86689186 7.63333797 140 179 98 3.000000
-2.39225411 2.18693805 6.88895988 129 169 49 3.000000
-1.50079405 2.01230597 2.25167990 124 156 105 3.000000
0.62273997 -3.12609100 -1.14368904 121 158 94 3.000000
0.96979302 -3.11462212 6.99919224 139 171 55 3.000000
1.81119299 -3.95472693 0.41073999 129 162 86 3.000000
-1.93144906 2.78563309 7.42185211 119 166 83 3.000000
-0.89148998 0.25862601 4.41621923 128 169 46 3.000000
0.24421000 -2.29356909 4.62992001 140 178 31 3.000000
0.75989699 -4.23015881 8.08342838 135 174 62 3.000000
1.96120000 -4.68175077 0.49399701 130 168 107 3.000000
0.44619399 -2.83448100 5.87278223 127 170 48 3.000000
2.02414894 -4.93263578 -0.18402299 136 155 112 3.000000
0.69894397 -4.50836992 8.20092773 124 165 68 3.000000
2.22359109 -5.25954914 0.09242200 139 168 118 3.000000
0.17560500 -3.49590993 6.90974092 127 163 69 3.000000
1.17488801 -3.82826591 -0.16187701 115 156 89 3.000000
-0.97017199 0.55718100 0.80880898 135 162 118 3.000000
2.03238511 -4.60835981 0.58922201 137 177 112 3.000000
2.37215900 -4.69286013 0.86703002 142 173 105 3.000000
-0.13623200 -2.72584701 5.07736301 138 174 45 3.000000
-2.14940810 2.65798306 6.96678305 132 165 88 3.000000
0.95297199 -4.32001877 7.90367317 125 167 64 3.000000
1.26274300 -2.82654691 -0.76695102 124 160 89 3.000000
2.81806207 -4.65469408 0.36691099 131 165 105 3.000000
3.46532011 -6.02803421 0.60419703 144 175 114 3.000000
2.14880991 -4.05786085 0.14335100 138 166 112 3.000000
1.83492196 -5.50345707 8.44213581 146 176 88 3.000000
-2.12093902 1.30286598 6.52877378 124 162 44 3.000000
2.56111789 -5.25949097 0.71324199 129 167 102 3.000000
0.15490299 -3.99758911 6.94766903 149 170 119 3.000000
0.83504200 -2.69869804 -0.93175602 125 162 85 3.000000
3.28742003 -5.95417213 0.30879799 156 173 127 3.000000
-1.60531604 2.15006304 3.00108409 132 178 38 3.000000
2.24396110 -5.02634621 0.58528101 129 166 104 3.000000
1.10405803 -2.74533796 -0.98569500 123 158 93 3.000000
0.56927699 -3.11789799 4.18046093 139 173 46 3.000000
3.29644299 -5.68024111 0.50964600 136 174 122 3.000000
-0.60632598 -0.02502500 -0.10702800 134 164 89 3.000000
2.60708404 -5.37528706 0.76158202 133 170 104 3.000000
3.29938507 -6.07177782 0.46246099 132 157 101 3.000000
1.89337599 -4.61646891 0.39698401 130 169 105 3.000000
-0.76382899 -0.21404800 3.89855695 139 180 26 3.000000
2.19324088 -5.01482487 0.51291001 129 166 102 3.000000
3.71544909 -6.00575590 0.51708198 159 189 140 3.000000
-0.79717201 0.71623498 4.55640316 142 181 40 3.000000
2.68444204 -4.72155523 0.38965601 117 162 112 3.000000
0.08346600 -3.81421304 6.91789913 123 159 33 3.000000
3.55776811 -5.90417624 0.03546700 166 191 121 3.000000
-0.63813603 1.79153097 5.74811316 148 177 90 3.000000
-0.75979799 1.96636403 6.07068491 142 174 74 3.000000
1.47887504 -3.85459995 0.21053401 134 173 97 3.000000
2.39397311 -5.03436518 0.68976700 135 175 112 3.000000
2.38299298 -4.50777578 0.26051700 124 162 103 3.000000
1.49144197 -3.73215294 0.24561299 134 169 99 3.000000
0.56210399 -3.65823102 6.62162495 160 188 92 3.000000
2.90454292 -5.78980923 0.25899100 130 154 116 3.000000
0.44307101 -3.65077591 7.02760506 121 160 58 3.000000
-1.77025604 1.11193597 6.05706787 135 173 44 3.000000
2.49834609 -5.44932413 0.35255799 147 165 126 3.000000
0.99579298 -4.59389496 7.68802023 139 179 51 3.000000
1.99818504 -4.84476995 0.40553701 129 165 97 3.000000
-0.23591401 0.62204200 0.36478099 127 170 88 3.000000
2.15806794 -4.26646423 -0.18257000 101 159 120 3.000000
1.48975694 -5.01591206 8.51849937 146 178 108 3.000000
2.17573595 -5.04101086 0.26922101 137 165 116 3.000000
1.65029705 -4.44901705 0.19158199 135 170 107 3.000000
-0.63810498 0.53484499 0.66720498 119 155 79 3.000000
-1.68285894 2.65563512 6.24431181 144 182 78 3.000000
2.75499511 -5.39893723 0.83061898 143 178 116 3.000000
1.03802097 -2.91981912 -0.93706399 132 156 113 3.000000
0.32806399 -2.12244010 5.05032301 147 181 36 3.000000
0.24655899 -2.92468596 5.98685980 120 160 49 3.000000
0.30394900 -4.32392979 7.77687693 125 165 94 3.000000
0.78459001 -2.89834094 -0.90809900 130 171 90 3.000000
-2.45777702 3.06329799 7.12262297 133 168 95 3.000000
-2.63166094 2.11045098 7.30511093 135 162 71 3.000000
1.26655495 -4.01310682 -0.01452800 116 156 90 3.000000
0.98126900 -3.30134702 -0.53408599 127 169 95 3.000000
0.81400698 -3.93647790 7.50261211 127 169 55 3.000000
3.05459094 -4.89693880 0.45093700 135 172 102 3.000000
-0.69266403 0.39804500 0.60189098 127 157 95 3.000000
-1.11248302 0.89228803 4.80398607 146 185 58 3.000000
1.36946499 -3.87274909 0.10786000 135 177 105 3.000000
3.34800601 -5.87420511 0.50718600 150 181 119 3.000000
1.66853499 -4.47580481 -0.21211401 140 165 144 3.000000
-1.83770597 2.06068707 6.48536491 135 183 88 3.000000
-0.91656601 -0.16333300 2.43839312 140 178 73 3.000000
1.99204302 -4.02976322 -0.29322299 94 156 114 3.000000
0.31294200 -2.16366601 3.76314211 127 157 96 3.000000
3.47115898 -6.06410885 0.33468199 175 196 125 3.000000
2.32094407 -5.29051781 0.48926499 141 166 108 3.000000
2.88925695 -5.29965401 0.45964700 119 163 124 3.000000
0.82323998 -2.69279599 -0.71595198 133 159 95 3.000000
0.68892699 -3.25873089 -0.98953903 121 157 91 3.000000
2.60758495 -5.61964417 0.20153300 149 164 104 3.000000
3.05020189 -5.83661079 0.50238103 147 171 121 3.000000
-0.02263300 -0.11469000 0.24648499 188 210 250 3.000000
1.27663195 -4.31545401 -0.02238800 129 163 108 3.000000
-0.37746501 0.33642799 3.87896800 139 180 24 3.000000
2.51077700 -5.45333815 0.76069701 149 175 108 3.000000
3.21820807 -4.93995190 0.51879698 138 171 125 3.000000
1.35987699 -3.45596504 -0.87785500 125 158 117 3.000000
0.39647800 -2.57766700 4.27854586 127 164 48 3.000000
0.49957499 -2.48776102 4.52763319 133 157 116 3.000000
-0.54308599 1.11735296 1.52548206 115 160 78 3.000000
1.91501999 -4.48713303 0.55735499 141 181 115 3.000000
2.01140904 -5.03356981 0.24784601 133 159 93 3.000000
1.09622800 -3.49857903 -0.34262699 126 168 96 3.000000
1.88649797 -4.48274088 0.45752800 144 183 119 3.000000
0.30693501 -2.10608506 4.49959898 145 181 21 3.000000
-1.05522394 2.21347594 5.94406319 210 217 149 3.000000
3.06111503 -5.28803396 0.44435099 106 155 114 3.000000
-1.80582500 2.04582596 2.92272496 132 176 38 3.000000
1.92991805 -4.81645203 -0.17695799 153 171 151 3.000000
2.62466002 -4.76120281 0.06800500 101 154 115 3.000000
0.65702599 -1.22252202 3.45663905 230 254 239 3.000000
1.27237499 -3.30114293 -0.00567200 130 157 95 3.000000
-2.72610307 2.21610594 7.01223516 124 162 68 3.000000
-1.21182203 -0.08764900 3.95720100 131 171 34 3.000000
2.54703403 -5.78792286 0.04501700 127 160 124 3.000000
2.21243596 -4.54408216 0.43452701 129 171 97 3.000000
-0.20048100 -3.28969097 6.26213884 143 178 43 3.000000
1.62136495 -4.87045383 8.58714962 172 178 154 3.000000
0.83334202 -3.44328809 -0.70192897 121 159 88 3.000000
0.76157802 -2.88669801 -1.11249602 127 169 94 3.000000
-0.30243301 -3.14238811 6.24227190 145 181 42 3.000000
2.21875691 -5.39450884 0.13113500 123 158 127 3.000000
-0.60761702 1.09682095 1.56686294 117 164 81 3.000000
1.18091202 -2.74616599 -0.82879198 128 158 100 3.000000
0.14196301 -3.03003097 5.85401106 139 175 71 3.000000
-0.99884999 1.63214695 6.02719498 133 172 87 3.000000
2.80509210 -5.66639090 0.43011600 131 160 116 3.000000
1.73863304 -5.62566090 8.46218586 135 162 113 3.000000
-1.77270198 1.89362204 6.21999884 140 178 76 3.000000
0.87224698 -4.51363993 7.71852303 126 167 89 3.000000
0.90793103 -3.61786604 -0.53954202 120 155 87 3.000000
0.15538800 -5.23161888 8.02483940 130 168 85 3.000000
-1.23600698 1.30324996 5.23073483 154 193 70 3.000000
-1.82589805 1.99538004 6.42364693 136 182 81 3.000000
-0.89429498 -0.51770502 3.76603794 163 194 119 3.000000
1.03954196 -3.47240901 -0.47089201 120 161 94 3.000000
1.09666002 -3.92670298 -0.17436799 117 154 91 3.000000
2.12324810 -4.26443195 0.02507900 105 163 126 3.000000
1.04191697 -2.90359211 -0.44654599 139 158 108 3.000000
1.01092994 -4.89357901 7.88019180 143 183 56 3.000000
0.89241999 -4.66812086 8.58794308 127 170 106 3.000000
1.62633395 -3.72136402 -0.36656299 126 156 105 3.000000
2.09841204 -4.07508516 0.10706600 136 164 104 3.000000
2.49787307 -4.84381914 0.97008902 140 174 101 3.000000
0.92860597 -3.02787399 -0.61934203 130 169 84 3.000000
-0.17859900 -2.06939912 3.41678596 118 157 83 3.000000
2.81006598 -5.14694691 0.77189100 139 177 99 3.000000
2.36671996 -4.96634722 0.70678502 139 179 115 3.000000
1.93476403 -6.19141817 8.38959503 129 170 102 3.000000
1.84053504 -6.07523584 8.39665985 129 169 99 3.000000
2.90933800 -5.00937796 0.36267501 107 161 116 3.000000
1.65843499 -3.72531605 -0.22614101 124 162 95 3.000000
3.44227910 -5.89812517 0.57072902 144 178 111 3.000000
-1.47969496 2.44381499 3.19653702 132 172 60 3.000000
2.87489104 -5.66255188 0.23977301 123 159 126 3.000000
2.45808792 -5.40614510 -0.01263000 146 166 110 3.000000
0.64479297 -5.25358391 7.85911417 130 171 91 3.000000
0.99985200 -3.58057404 -0.45599201 118 157 88 3.000000
0.47166401 -5.02959824 8.03906918 134 171 97 3.000000
0.04877000 -3.86885500 7.47123289 132 168 76 3.000000
1.91441703 -4.33738613 0.55579299 137 174 105 3.000000
-1.32167697 1.40031505 2.00718093 117 154 74 3.000000
0.70833403 -2.95709801 -1.19399202 119 160 93 3.000000
-0.77256298 1.41429400 5.66175413 139 187 61 3.000000
0.55741602 -0.65753698 3.41841888 137 176 21 3.000000
-0.97379899 0.10522200 2.81394196 149 179 80 3.000000
-0.10775600 0.68373501 3.96905303 125 173 62 3.000000
-1.18635297 -0.24510600 3.65316701 148 186 80 3.000000
-1.70224297 1.38132799 5.82602406 137 176 62 3.000000
-0.56440598 1.52105498 5.44785690 148 187 55 3.000000
-1.12591302 2.25461793 2.73769093 113 157 75 3.000000
0.94166303 -3.63011503 7.57669401 133 168 39 3.000000
-0.96819299 1.10605896 5.03531218 148 187 56 3.000000
-1.07372904 1.91213202 1.92350602 131 173 85 3.000000
0.29428801 -2.06783104 4.84811878 148 184 26 3.000000
-2.58585095 2.37655997 7.00835085 121 166 58 3.000000
-0.40289399 -1.93132401 3.44532990 119 161 80 3.000000
0.78482997 -3.42589402 6.47669697 108 154 66 3.000000
-1.42753899 1.83028197 6.57439709 146 185 77 3.000000
-2.02047610 1.75188303 6.30432510 122 169 49 3.000000
-1.17063904 2.52254796 7.43424797 143 185 59 3.000000
0.33721000 -2.02194095 4.57785988 149 184 22 3.000000
-1.78403604 2.78184009 2.74918509 124 165 101 3.000000
-1.53306603 0.13787100 4.42915201 155 186 92 3.000000
0.82900298 -0.26073301 3.86584902 138 180 30 3.000000
-2.96226692 3.04554701 7.74022484 130 160 91 3.000000
-1.18955600 -0.30342999 3.46945405 150 183 80 3.000000
-1.29746795 2.34789896 2.97177291 120 157 90 3.000000
-1.55091703 1.09195197 5.71348619 127 173 61 3.000000
0.37616199 -0.06315100 3.57122803 121 177 64 3.000000
-2.00673103 2.91064191 2.95159507 128 170 102 3.000000
0.60869801 -4.86612320 8.06015968 127 169 100 3.000000
-1.39371800 1.32860899 6.19320393 154 187 82 3.000000
1.25894797 -4.21625805 8.16197586 163 191 79 3.000000
-0.09232700 -3.12503004 6.40767384 125 163 62 3.000000
-0.90993398 -0.18939599 4.01348591 137 174 32 3.000000
0.94350898 -3.17774296 6.27587223 122 156 65 3.000000
-0.94531697 1.20784605 1.49181795 113 154 79 3.000000
0.65916300 -3.63212705 6.42863798 164 190 96 3.000000
-1.66472304 1.23034406 5.51744413 137 175 39 3.000000
-0.23459500 0.86802900 4.80176401 135 179 42 3.000000
1.44381702 -4.44906092 8.10724831 144 181 72 3.000000
0.15646200 0.21583200 3.81267095 117 172 52 3.000000
-0.93332499 1.87059402 2.27471495 115 161 83 3.000000
0.67381400 -2.44593596 5.81098700 141 175 45 3.000000
-0.97122401 0.92397898 0.87655699 123 159 98 3.000000
-1.74056005 2.27131796 6.43359709 131 173 71 3.000000
-1.10348499 0.14647201 2.96304893 153 179 99 3.000000
0.61146402 -3.33362508 6.87973881 125 165 47 3.000000
-1.60764802 2.54206800 6.10522604 150 188 80 3.000000
-1.02764797 -0.35522100 3.75969100 149 188 91 3.000000
-0.24657799 -0.09385600 4.58814287 139 182 38 3.000000
-0.49023399 0.23902200 3.62399793 139 179 25 3.000000
-0.14916401 0.30979499 0.04336600 123 159 93 3.000000
-0.40482700 0.51842803 4.67507410 142 182 34 3.000000
0.03533000 -0.07694900 3.04393792 104 164 28 3.000000
-2.14244390 1.34946799 6.67803907 131 165 39 3.000000
0.26357901 -4.28629780 7.67773581 126 166 85 3.000000
-1.61099505 1.95462406 2.43593597 118 154 78 3.000000
-0.58913600 0.71100801 4.46940708 143 183 34 3.000000
0.59078002 -0.23869000 3.67692709 138 178 33 3.000000
-1.32012105 1.20873404 5.70719481 132 177 74 3.000000
-1.67610800 2.45600796 2.84547210 118 159 80 3.000000
-0.96752101 1.30686498 5.29431295 149 188 52 3.000000
-1.24622297 1.23927498 1.42938197 116 157 71 3.000000
0.49256599 -4.00860691 6.95889711 157 188 110 3.000000
0.78982502 -2.63511491 5.17876387 149 182 44 3.000000
-1.76685703 1.71298099 6.09412718 142 169 94 3.000000
-1.32341003 0.95383602 1.21422195 121 154 105 3.000000
-0.86550897 -0.65230697 3.40076900 147 190 79 3.000000
-1.35993600 -0.34369099 4.01737022 168 192 60 3.000000
-0.35658500 0.30742800 4.28151608 127 172 42 3.000000
-1.41197705 -0.26360700 4.18136597 172 196 59 3.000000
-0.79895997 0.49149799 4.21628618 147 185 46 3.000000
-2.13345289 1.21301794 6.42854881 129 164 41 3.000000
-1.57788599 2.33511710 3.22099090 128 171 47 3.000000
-0.53543299 0.30381101 0.01615500 131 162 98 3.000000
0.96712297 -2.52982497 6.16450119 164 183 113 3.000000
-0.19181900 0.14252900 -0.15565901 128 168 95 3.000000
-0.20048501 0.42611000 0.17963099 115 156 92 3.000000
0.01983800 0.15223800 3.23793197 116 173 52 3.000000
-1.26741397 1.97135401 6.74287796 151 188 102 3.000000
-2.58470011 1.89492500 6.65540123 130 169 49 3.000000
1.19195902 -5.29253912 8.30225754 136 173 84 3.000000
-0.91524702 2.06031895 6.09703302 148 171 83 3.000000
-1.04704499 1.54599798 1.51078904 123 156 113 3.000000
-1.10760105 1.91699398 3.06707096 121 169 49 3.000000
-1.17562997 1.49272895 5.49189377 142 183 62 3.000000
-0.60291898 0.86559302 0.98788702 126 160 105 3.000000
-0.41500199 0.00713300 -0.37660101 130 167 84 3.000000
-1.01566505 1.86503601 6.55811882 140 168 83 3.000000
-0.08352400 0.55384803 3.87113094 122 176 58 3.000000
-1.77180696 1.59884000 5.78889894 143 165 102 3.000000
-0.77229601 1.47268796 5.41046810 145 187 47 3.000000
-0.24597500 0.65550202 0.38576999 111 155 72 3.000000
-2.18715811 2.64784002 6.80654621 143 163 101 3.000000
-1.39149404 1.95281506 3.20632195 126 173 42 3.000000
-1.24452603 0.06605500 3.81521392 138 178 29 3.000000
-0.18271901 0.06085500 -0.27834001 128 167 92 3.000000
1.44871998 -3.48344803 6.88672209 141 178 49 3.000000
-1.87710202 2.23738194 2.70189500 118 154 97 3.000000
-1.30751503 1.30332601 5.73063612 137 180 79 3.000000
-0.39842600 -2.91116500 5.65082979 148 174 79 3.000000
0.28660801 -2.27418399 4.87659883 140 178 31 3.000000
0.59717000 -1.71520400 3.44166207 134 170 78 3.000000
-1.93768406 0.91708201 5.68813992 135 175 46 3.000000
0.37450001 -1.94482505 4.51235199 152 184 24 3.000000
-2.17928410 1.94229102 6.69837904 127 169 52 3.000000
-0.83785599 0.55843902 0.61297798 135 158 102 3.000000
-0.21236600 -2.68864703 4.68472004 146 180 46 3.000000
-0.31648499 -1.99089599 3.28489804 116 160 71 3.000000
-1.09606194 2.49724388 1.79129004 126 171 73 3.000000
0.22367200 -4.04553509 6.97791910 139 169 95 3.000000
-0.93461299 1.98538196 6.36553001 203 218 168 3.000000
-1.79194295 3.22327399 7.84640408 115 165 96 3.000000
0.75910997 -2.74143696 6.16469002 133 169 66 3.000000
0.47715199 -4.06453800 7.58487988 122 162 62 3.000000
-0.39819300 0.64234298 0.51187801 134 175 93 3.000000
-0.58001602 0.98336297 4.82334280 141 180 37 3.000000
0.50478899 -3.90343595 7.42043591 122 163 57 3.000000
-1.07210505 1.72407806 6.36002398 138 170 78 3.000000
1.28341603 -5.32350922 8.35589695 142 179 79 3.000000
-2.54950309 1.91185200 6.84647512 124 166 51 3.000000
-2.14076495 2.55337811 7.03875923 115 160 81 3.000000
0.43219301 -0.12249500 3.17818809 160 188 40 3.000000
0.01086100 0.50549799 3.80876088 120 174 62 3.000000
-1.87710202 2.23719811 6.93705416 128 169 79 3.000000
-2.17256808 1.09546697 6.30320597 141 168 50 3.000000
-2.02748799 1.14796305 6.26644707 139 171 38 3.000000
-2.35119390 2.13015389 6.95960522 130 171 53 3.000000
-1.50657296 2.55039310 7.04190588 117 169 86 3.000000
0.16376100 -2.42841697 4.62824821 130 172 41 3.000000
-1.09748697 1.16694498 5.07249594 152 189 69 3.000000
-0.94335502 1.45619094 1.90156996 113 157 73 3.000000
0.93206197 -4.65221214 8.50243282 128 170 105 3.000000
-1.55634606 1.72293198 3.24615312 130 177 37 3.000000
-0.48886001 0.17350900 -0.12977000 127 159 82 3.000000
-1.11647296 2.11793995 6.48654509 151 192 106 3.000000
-1.47975695 1.90116096 6.47594213 156 191 86 3.000000
-1.17488503 -0.38745999 3.38430405 151 185 66 3.000000
0.02922000 -4.02484989 7.30687380 160 181 100 3.000000
0.39750099 -1.95701301 5.19585705 153 185 69 3.000000
-1.40358198 1.23730195 1.83203304 118 154 73 3.000000
0.75533700 -3.29073191 6.68243885 121 164 58 3.000000
-1.33618605 0.94045597 0.73469299 126 164 113 3.000000
-0.12621000 0.41509199 3.70249009 112 174 43 3.000000
-1.37322199 2.15234900 6.79936886 148 189 108 3.000000
1.22577906 -6.24371719 8.96424198 131 169 104 3.000000
0.28684399 -2.50504398 5.07854986 131 170 39 3.000000
-0.34967601 0.35507199 4.06045008 128 173 42 3.000000
0.40735701 -3.34918690 6.52965307 126 162 61 3.000000
-1.47993600 1.26323199 6.20663691 149 183 55 3.000000
-0.07502500 -0.03752100 3.01063395 105 168 23 3.000000
0.14152400 -2.51274991 4.39583302 142 181 65 3.000000
-0.98373699 1.70891404 2.21544003 114 157 73 3.000000
-1.34901702 1.89511704 6.48492622 151 190 101 3.000000
-0.10892700 -2.79104495 3.86853504 142 168 114 3.000000
-1.38553596 1.60533702 3.07450891 132 180 43 3.000000
-0.25515699 -0.16578200 2.48232603 115 168 58 3.000000
-0.15197700 0.99960899 4.62170219 143 183 42 3.000000
-1.82707596 2.52341008 7.13005495 120 170 70 3.000000
-2.36003804 1.55474603 6.62063599 129 165 41 3.000000
-1.17221606 2.65298700 7.44320917 143 184 62 3.000000
0.01711900 -0.40843701 4.10791111 122 171 43 3.000000
1.24031603 -4.43414402 8.01983166 142 180 51 3.000000
-0.08884000 -2.94947600 4.62547922 150 184 37 3.000000
0.74225700 -4.48779678 7.85247612 122 164 73 3.000000
0.30091900 -2.04900193 4.65637493 146 182 24 3.000000
0.55300897 -2.91706109 6.06884098 126 169 51 3.000000
-1.84691799 2.13682103 6.87409496 126 170 73 3.000000
0.48049700 -4.01628399 7.42379808 125 163 65 3.000000
-1.35907304 1.96484196 6.68556499 151 189 106 3.000000
0.91669399 -3.08801603 6.91152287 133 168 48 3.000000
1.07131302 -2.95390010 6.41562414 147 170 88 3.000000
1.02502596 -5.46114397 8.64276028 126 169 100 3.000000
1.14398706 -3.38969994 6.08655310 139 179 60 3.000000
-1.92820501 1.04608297 5.85641003 135 175 44 3.000000
-1.58565998 1.16077900 5.86414385 129 175 58 3.000000
-1.12812996 2.50276589 1.97820199 130 174 76 3.000000
-0.25079101 0.59341198 0.28456801 126 164 91 3.000000
-0.09772600 -4.20564699 7.96962500 129 169 83 3.000000
-1.69305098 2.32287097 6.57206297 146 188 81 3.000000
0.06315600 0.01898500 0.04480800 188 209 245 3.000000
-0.60189199 0.19785300 4.29309988 136 176 40 3.000000
-0.45842001 1.83879995 5.95679522 171 182 106 3.000000
-0.59540600 -0.19497401 4.06761789 142 183 29 3.000000
0.26269999 -3.16191292 6.45856524 117 156 56 3.000000
0.72009200 -5.60233784 7.89714718 132 167 72 3.000000
-0.80269301 1.78726900 2.21293497 109 156 79 3.000000
-1.71991897 1.96097505 2.46594501 120 154 90 3.000000
-2.21319008 3.04677391 7.30580711 126 170 71 3.000000
-1.14287496 1.40160000 5.42860603 145 187 57 3.000000
1.09184396 -4.88807678 8.16351509 126 169 69 3.000000
1.01632702 -3.25897193 5.85740709 141 179 54 3.000000
-1.18352497 2.23417091 2.12920904 131 175 77 3.000000
-0.58283597 0.88643003 4.70443821 141 180 37 3.000000
0.22557800 -3.68009710 7.31309891 119 160 81 3.000000
-1.55887401 2.55278802 2.90568495 123 160 85 3.000000
0.48240200 -2.81162000 5.39194822 147 181 42 3.000000
0.54385298 -0.17110901 3.52689791 147 184 38 3.000000
-0.77621901 1.94979203 2.36229300 113 159 90 3.000000
0.32343900 0.04235000 3.60202408 125 178 66 3.000000
0.26880199 0.47106299 0.05587600 224 242 235 3.000000
-0.48108801 -2.89669991 5.58022404 139 165 56 3.000000
0.96287400 -3.28263211 6.84816599 126 162 50 3.000000
-0.80339903 1.57191801 2.04141212 115 159 78 3.000000
-0.69890600 0.27671599 3.89921999 144 180 34 3.000000
-2.19109893 1.77525401 6.64240217 128 168 44 3.000000
-1.04886699 2.60490203 1.99055803 121 167 67 3.000000
-0.66897303 -0.11883500 3.95053411 140 180 25 3.000000
-2.29762101 1.01231503 6.23447084 138 160 59 3.000000
-1.41675496 2.33987093 6.06575584 148 186 81 3.000000
-0.99048603 1.33370996 1.87635803 119 157 72 3.000000
0.27052999 0.19826600 4.21198416 122 177 58 3.000000
-2.19603300 1.30231595 6.77069378 144 169 44 3.000000
-0.97021300 1.27430701 1.62457895 112 155 73 3.000000
-0.14019801 -3.43477201 6.86535215 134 171 48 3.000000
-1.03841496 2.33946800 2.86204004 107 154 79 3.000000
-1.43560398 1.87439001 3.09648705 130 176 44 3.000000
0.49531999 -3.10607290 4.14593983 137 174 37 3.000000
-1.10294294 0.71281201 0.35850900 129 161 107 3.000000
0.15597600 -2.50545192 4.29218102 140 178 66 3.000000
1.15912294 -4.38146019 7.78383923 137 177 58 3.000000
-2.01199293 1.97189403 6.41475677 130 172 58 3.000000
-1.59285903 2.59672999 2.61154604 120 163 94 3.000000
-2.26273394 1.90366304 6.74963808 127 167 53 3.000000
0.94998598 -3.57128000 7.89586115 143 169 56 3.000000
-1.10195696 1.66145098 2.23048210 115 155 67 3.000000
-1.59048402 2.50631690 6.21662617 149 186 82 3.000000
-2.30085707 1.42507994 6.88092804 137 164 53 3.000000
-0.64737898 0.78759599 0.97219402 122 160 99 3.000000
-0.50127703 -0.11066700 4.28929901 140 181 33 3.000000
-0.74003297 0.71299899 4.49001503 143 183 39 3.000000
-0.40246999 0.78673899 4.42872906 147 188 38 3.000000
-0.90952700 0.64016002 4.48530388 147 184 54 3.000000
1.02966905 -2.62071991 6.20087910 154 172 104 3.000000
0.03865200 -3.19096899 6.41727781 135 170 87 3.000000
-1.15403998 -0.29815999 3.25192189 143 172 82 3.000000
-0.13857400 -0.41648799 3.92737794 138 182 27 3.000000
-0.84695601 0.99966300 1.17166197 124 169 66 3.000000
-0.78470802 1.70274103 2.07926989 111 155 82 3.000000
-0.83632201 -0.08365000 4.19680405 139 179 31 3.000000
0.49897099 -3.77638793 7.01720619 122 159 57 3.000000
-1.56046605 2.15793300 2.94077492 131 176 41 3.000000
-2.02031708 1.98781502 6.65913105 130 172 61 3.000000
-0.79611802 2.29744196 2.72857189 110 156 90 3.000000
-1.17194998 1.31829095 1.70841205 117 157 75 3.000000
-1.52225101 1.92212105 2.91948509 133 178 42 3.000000
-1.33789802 0.94418299 0.82687199 121 161 102 3.000000
-1.32947302 0.10930000 2.67650509 141 168 98 3.000000
-0.09364600 0.04483300 2.93636703 103 164 29 3.000000
1.08447897 -5.83365011 8.44852734 132 169 105 3.000000
-2.22172689 2.25800490 6.93656588 127 171 52 3.000000
1.09216106 -4.87229013 8.61343098 136 174 92 3.000000
0.69734502 -4.13926792 8.04705048 133 172 55 3.000000
0.69959199 -1.77872396 3.29520106 137 177 47 3.000000
0.50257701 -2.27662802 5.44577503 144 177 42 3.000000
0.47627199 -4.91784382 7.84990883 134 173 100 3.000000
-1.57618701 2.08663297 2.49281907 118 156 85 3.000000
0.58030897 -0.58536601 3.94756603 133 170 21 3.000000
-2.74815011 3.68423390 7.73489189 125 162 93 3.000000
-0.96066099 1.68256199 6.06010818 135 167 94 3.000000
1.06290400 -3.01722908 6.46308279 135 165 75 3.000000
0.22148100 -0.82965100 3.53176904 101 158 24 3.000000
-1.45287597 2.17426395 3.40167403 131 175 59 3.000000
-1.32818496 1.79216397 2.88329291 124 172 44 3.000000
-2.54255199 2.57610798 7.06716299 131 169 64 3.000000
-1.96847200 2.49723697 7.08553314 122 170 72 3.000000
-0.67107999 0.85389900 5.20872498 163 184 130 3.000000
-0.04321800 -2.63319802 4.61803818 136 175 46 3.000000
0.96539497 -3.15613294 6.21232700 123 157 68 3.000000
-1.00339603 1.71793497 5.87833786 126 175 65 3.000000
-0.04196000 0.66618198 3.98900700 121 170 64 3.000000
-2.37049794 1.51904404 6.87583113 136 165 53 3.000000
0.38564000 -0.66546297 3.25635290 129 171 24 3.000000
-1.11012101 1.97031605 2.86212301 120 168 47 3.000000
0.52682400 -1.83620799 3.69981003 118 159 62 3.000000
-1.19440901 -0.11073900 3.86384296 133 173 36 3.000000
-0.29008701 -2.28178000 3.30616403 124 157 92 3.000000
0.01407900 0.66727400 3.89539003 123 173 71 3.000000
-1.08230996 2.01987505 5.47455978 227 233 169 3.000000
0.16501001 -2.59032011 4.92654705 129 168 46 3.000000
-1.16147804 1.36513901 5.66251898 135 174 90 3.000000
-0.95502198 0.77982497 0.87668198 119 154 82 3.000000
1.23270500 -4.86172915 8.10987663 131 172 83 3.000000
-1.15650105 1.49574804 2.05294800 116 156 68 3.000000
-2.11171198 1.94664705 6.46986723 133 175 54 3.000000
-0.57087702 0.31916901 0.17256300 126 160 83 3.000000
-1.41420603 0.16363500 1.00570297 145 181 112 3.000000
-0.66457701 1.90024495 6.07662916 128 178 59 3.000000
-0.35675600 0.29891899 0.01066200 131 168 90 3.000000
0.75107801 -4.40393400 8.17814922 126 171 56 3.000000
-1.76869905 2.29481411 3.20319796 131 175 37 3.000000
-1.60204995 2.31430292 7.04492807 120 171 85 3.000000
-0.62509900 0.19957501 4.41379690 139 179 40 3.000000
-1.08728898 1.67965102 5.82989311 126 176 66 3.000000
-1.04835296 0.76111400 4.70085192 145 184 55 3.000000
-0.62679303 0.62386000 4.40936995 142 182 33 3.000000
-0.47671700 -0.33966899 3.44490910 144 186 26 3.000000
0.09964000 -0.36413699 3.89214110 125 169 14 3.000000
0.63218999 -5.70777607 8.45845413 135 171 93 3.000000
-1.00843799 1.50955904 5.44626284 145 188 51 3.000000
-1.44728303 1.19709301 5.43722916 154 194 70 3.000000
-0.73133898 1.33002496 1.68984401 118 156 89 3.000000
-0.41210699 0.75165099 4.34811878 148 188 39 3.000000
2.19137001 -5.37890482 8.41444016 142 178 75 3.000000
-0.95266199 2.15680790 2.60069203 113 155 83 3.000000
-0.81410402 1.39304304 5.36898279 147 189 48 3.000000
-0.98687601 1.96455705 2.39607501 113 159 81 3.000000
0.60439998 -5.26208210 7.72466707 135 174 89 3.000000
-1.23201096 2.13355899 3.13709688 122 167 51 3.000000
-0.04035500 0.20762900 -0.08789600 121 157 102 3.000000
1.39321101 -5.24741411 8.46814346 145 181 91 3.000000
0.34511000 -1.93936503 4.64788008 152 185 27 3.000000
0.37251899 -2.04444504 5.06601715 148 181 44 3.000000
0.05265000 -3.74598002 6.91306210 124 159 27 3.000000
0.05125100 -2.73728609 5.23825312 137 174 62 3.000000
-2.03273296 1.24351394 6.38863802 138 170 40 3.000000
-0.12028500 0.45827201 3.62989211 118 179 55 3.000000
-0.31555399 0.93238902 0.90041798 122 158 116 3.000000
-1.68745303 2.60444093 2.72211504 123 166 95 3.000000
-1.14523304 0.92366201 0.91237903 120 161 97 3.000000
-1.43792701 2.38673091 7.27858114 113 161 88 3.000000
0.25491601 -3.28352404 6.76745987 121 158 49 3.000000
-0.33295399 0.05740700 -0.28549901 135 175 92 3.000000
-1.23663199 0.28321299 0.70230401 131 164 93 3.000000
0.35206699 -2.26379704 5.04972982 142 179 35 3.000000
-0.66283298 1.68825400 2.06184602 111 154 85 3.000000
-1.77627504 2.45314503 3.67272997 132 175 40 3.000000
1.70239902 -4.48121786 8.38143063 153 177 121 3.000000
-0.18163300 -4.19977283 7.90024424 135 174 84 3.000000
0.96611202 -3.11973810 5.44719315 138 177 43 3.000000
0.01189400 -3.09804702 6.29588223 130 169 58 3.000000
-1.20456195 1.53613102 1.68848300 125 154 111 3.000000
-0.00359300 -2.67829800 5.06514120 136 172 56 3.000000
1.32701898 -3.13070393 6.38472509 134 171 67 3.000000
-0.33685499 -0.13882200 4.29993200 138 181 35 3.000000
-1.17202199 1.37434995 5.84066677 129 175 83 3.000000
0.23391099 -4.10857201 7.63459682 123 163 87 3.000000
-1.64057696 2.26477408 3.64232397 130 172 47 3.000000
0.69885898 -4.99202824 8.62898540 123 164 101 3.000000
-1.22275102 -0.27756301 4.06251383 144 181 57 3.000000
-1.49831998 1.32748795 5.90407991 137 176 60 3.000000
0.70321500 -1.11750305 3.40368700 226 249 222 3.000000
0.21331100 -0.08471000 3.61798811 116 173 44 3.000000
0.10750600 0.27135801 3.30490088 126 179 69 3.000000
-1.16136801 0.47222799 0.71407998 131 166 94 3.000000
-0.66841102 0.26919499 3.92583609 144 182 34 3.000000
-1.91936100 2.80937099 3.31324697 134 177 40 3.000000
-0.17362900 -3.13815093 6.24449492 135 172 50 3.000000
-1.55251300 -0.07889300 2.09125495 135 160 101 3.000000
-1.23449504 2.54802489 2.98962808 122 159 99 3.000000
1.06835794 -4.99032402 8.47358894 128 172 92 3.000000
-1.38663006 2.08935308 3.21260500 128 173 54 3.000000
0.02842200 -3.46577597 6.84170580 128 165 59 3.000000
-1.75677896 2.68855500 7.46812677 113 163 84 3.000000
1.04127598 -3.43956208 7.08845377 134 170 47 3.000000
-0.64343202 1.79482305 5.79969501 144 176 87 3.000000
-0.18446299 -2.90368390 5.59503317 137 173 66 3.000000
-1.75080895 2.35537696 2.79859304 116 155 92 3.000000
0.47681800 -0.61128199 3.41685009 131 172 22 3.000000
-1.15705502 1.94723594 2.26295400 112 158 77 3.000000
-0.39853001 0.14003800 -0.15579700 130 166 86 3.000000
-0.53154701 1.03820002 4.74430609 143 182 37 3.000000
-0.75821400 1.74629605 6.06609821 137 171 87 3.000000
1.62306201 -5.50421095 8.45061874 135 176 111 3.000000
-1.93877101 3.15164590 7.77148104 119 163 84 3.000000
0.09739400 -2.27475405 4.00842619 134 174 42 3.000000
-0.72840399 1.97166502 5.90247393 131 180 61 3.000000
-1.20784295 2.27007699 2.39012408 118 163 65 3.000000
-0.23756699 -2.78716493 5.08697081 143 179 39 3.000000
0.16375200 -3.55257797 7.33082008 144 162 59 3.000000
0.84914899 -0.37100801 3.65555000 150 185 28 3.000000
-2.13351989 2.79176307 7.23605299 123 168 75 3.000000
-0.62731802 -0.54107702 3.33761501 130 174 20 3.000000
-1.19640303 1.13717604 5.71238995 146 187 50 3.000000
-1.70713794 2.06426096 2.52508092 117 155 81 3.000000
0.62850702 -2.29693604 5.57809305 145 177 47 3.000000
2.29744697 -5.33369589 8.40970230 144 181 69 3.000000
0.03307200 0.39389601 3.64773512 119 174 57 3.000000
1.39282095 -3.11791301 6.69931412 155 162 114 3.000000
-0.06341900 -3.46923399 6.63389015 145 172 78 3.000000
-1.37119997 -0.37056899 4.01524401 169 193 57 3.000000
-1.17442703 2.06258893 2.42692089 116 161 80 3.000000
-1.59488797 2.09007311 6.68355179 137 181 68 3.000000
-0.44018400 1.13786101 1.50253797 116 157 77 3.000000
-1.56839800 2.74776292 7.50785112 110 162 88 3.000000
1.02677906 -3.21566701 7.12823820 143 170 61 3.000000
1.32091999 -5.41512299 8.59908962 143 181 101 3.000000
-1.00598204 1.27331901 5.13147020 148 188 57 3.000000
0.04745700 -0.41101301 3.84951401 125 166 12 3.000000
-0.56171602 1.49906600 1.87764001 117 154 94 3.000000
-0.86906201 1.14660299 5.16166782 147 189 50 3.000000
-1.93208003 1.90008903 6.28060293 122 168 55 3.000000
0.37053800 -1.96424198 4.77889109 151 186 28 3.000000
-0.69623297 0.30835599 3.96879101 147 184 36 3.000000
-2.15139103 1.03025603 6.19681883 134 162 59 3.000000
-0.51196200 0.22530000 3.91250110 139 178 30 3.000000
-0.65121299 -0.12454000 3.92856598 141 181 25 3.000000
0.57706797 -1.82688296 3.51113200 120 163 61 3.000000
-1.04415095 0.79237598 4.77175188 146 185 57 3.000000
-1.18596900 2.11136603 2.58768106 114 159 82 3.000000
-0.82814503 2.03551888 6.07938194 157 173 87 3.000000
-0.61005300 1.22568202 5.19932890 145 186 46 3.000000
-0.67909598 0.81053501 0.52463299 135 170 109 3.000000
-1.91966403 0.81636399 5.63307524 137 178 48 3.000000
-1.49884605 0.22249401 4.55206490 158 189 90 3.000000
-1.39917505 1.63836300 3.05489802 132 179 44 3.000000
0.44569001 -2.68011403 5.64951611 126 168 43 3.000000
0.41646299 -2.05220103 5.19179916 148 180 48 3.000000
-0.72277999 2.08970499 6.18202305 117 170 58 3.000000
0.91628498 -3.10850596 5.47960281 142 181 46 3.000000
0.31498200 -2.42049193 4.13400984 128 162 69 3.000000
-1.86037397 1.81978202 6.26490784 130 172 58 3.000000
-1.38493502 2.17459798 6.06565809 144 183 74 3.000000
-2.12170911 2.07315111 6.72513008 131 172 56 3.000000
-1.06981003 1.83966899 2.02112508 122 166 78 3.000000
0.48057699 -2.90334606 6.17056417 128 169 46 3.000000
0.06601900 -3.49307895 7.40018702 184 196 121 3.000000
0.75813901 -0.27337199 4.01034117 134 178 30 3.000000
-0.46602201 1.27646804 5.22698212 152 188 57 3.000000
0.61451602 -3.36006594 7.00251293 126 165 49 3.000000
-2.35807490 3.40193701 8.17407227 220 214 186 3.000000
-0.95508301 0.23735499 -0.07906800 132 154 119 3.000000
-1.83862805 0.93564600 5.69283390 137 178 47 3.000000
-0.16773100 -3.62057805 7.31990099 137 165 69 3.000000
-1.14875805 -0.33223301 3.88266301 149 186 85 3.000000
-1.74313700 2.32143903 6.98569298 119 170 81 3.000000
0.86428201 -5.54365778 8.14975834 132 168 103 3.000000
-0.38092101 0.70201999 0.64269602 119 158 82 3.000000
0.64952600 -3.12787199 6.64910412 127 166 48 3.000000
-1.61640298 2.13197994 6.85379410 144 179 81 3.000000
-0.36655000 0.52559298 0.20856400 134 166 96 3.000000
-1.73752797 1.28501201 5.64603996 135 176 40 3.000000
-2.04043198 1.21575296 6.38961697 138 170 39 3.000000
1.07078099 -4.14942884 7.72775602 125 168 61 3.000000
-1.11690998 1.98842394 2.47379398 112 155 80 3.000000
-1.48542094 2.24585795 6.02261305 149 186 88 3.000000
-0.34416300 -2.66377997 3.92884493 119 154 94 3.000000
1.66665494 -4.84044981 8.52144909 174 187 152 3.000000
-1.22607005 2.25260091 2.31690192 123 168 72 3.000000
0.27025899 -2.87156796 5.84097481 123 162 48 3.000000
-0.54283601 0.29109201 -0.40247801 138 161 108 3.000000
0.54524899 -3.78648496 7.09506798 122 161 54 3.000000
0.48077300 -5.05104780 8.40745163 130 171 106 3.000000
1.44256401 -3.97293901 8.02038383 170 181 120 3.000000
-0.15301099 -2.76024103 5.24289417 134 170 49 3.000000
1.75926995 -5.00754976 8.33094025 146 175 101 3.000000
0.17611399 -2.93116808 4.68372917 223 251 229 3.000000
0.85606098 -3.61960292 7.90808392 137 169 44 3.000000
1.44210899 -3.05152893 6.35325003 142 173 71 3.000000
-0.55544800 1.45474195 5.33525181 146 188 50 3.000000
-1.43964505 1.94093502 2.83014989 131 179 37 3.000000
-0.15126000 -2.49264002 3.51101089 132 165 77 3.000000
-2.39475107 2.27699208 6.96186304 128 169 52 3.000000
-2.09643292 1.72615802 6.41974592 129 172 42 3.000000
0.43106100 -3.32578897 6.81374311 121 160 49 3.000000
-0.56481099 0.80387700 4.62701416 142 182 36 3.000000
-1.65897095 2.32863307 6.57922220 145 187 76 3.000000
-1.27253103 -0.26382199 3.57572699 150 183 82 3.000000
-0.92461801 1.40945101 5.38879395 146 189 49 3.000000
0.05762600 -2.91104794 5.59419680 141 175 69 3.000000
-2.36989307 1.68431199 6.89956713 135 169 42 3.000000
-1.19745600 1.59375095 2.24646401 116 154 65 3.000000
0.03959300 0.45225900 3.65676093 119 173 60 3.000000
0.32576400 -3.40650010 6.38402700 126 163 66 3.000000
1.19238102 -5.94553614 8.67072105 124 161 98 3.000000
-1.68320894 2.45814490 6.24238110 146 185 79 3.000000
-1.95462096 2.11493993 6.67924023 131 174 69 3.000000
-2.45258689 2.24545908 6.88546991 128 169 47 3.000000
-0.84771299 1.14133203 5.18030119 147 189 51 3.000000
2.12837005 -5.80493689 8.14327526 139 178 111 3.000000
-1.09650195 -0.40150899 3.60259295 149 188 76 3.000000
-0.83042300 2.37050295 2.83311296 109 154 89 3.000000
-0.05412700 -2.64240503 4.27128792 123 157 103 3.000000
0.42861000 -0.12293500 3.13758612 160 189 39 3.000000
-0.80152702 0.94689798 0.88178903 130 166 112 3.000000
-1.44940495 2.70834494 7.53869390 105 159 87 3.000000
-1.62847602 2.33394909 6.54578781 145 186 74 3.000000
-2.00429296 2.13409090 6.40720987 133 175 79 3.000000
-0.21085800 0.44359899 3.98586106 114 172 36 3.000000
-1.38955402 1.22308397 5.77966595 133 176 68 3.000000
1.75454199 -5.00550318 8.35179424 146 176 100 3.000000
1.41733301 -4.25281811 8.23022747 171 189 119 3.000000
-0.35737401 0.62764502 0.41636500 133 176 89 3.000000
1.23040402 -3.07475305 6.64498806 163 175 117 3.000000
1.03417695 -3.08331895 6.69650412 138 167 68 3.000000
-0.81020302 1.04990804 1.18833601 127 166 84 3.000000
0.26855201 -2.14822793 4.06356192 136 179 30 3.000000
0.32325399 -3.44309211 6.59947014 126 163 64 3.000000
-2.47877789 1.82748604 6.70815182 135 172 44 3.000000
-0.13068500 -2.23699093 3.28478789 133 169 56 3.000000
-1.03802097 1.10082698 0.83962703 121 156 91 3.000000
-1.20431197 1.00944805 1.18265104 121 156 107 3.000000
0.00419500 -3.03589010 5.87646818 143 178 71 3.000000
-0.94976902 2.12247300 2.49850798 117 160 82 3.000000
-2.94687510 2.98067307 7.71910715 131 160 92 3.000000
1.05438805 -4.50627279 7.66348886 140 181 48 3.000000
-0.86538100 0.61246097 4.47147608 146 183 50 3.000000
-0.29025501 -3.00945401 5.86466789 148 184 54 3.000000
-1.78809500 2.39807391 3.71529007 133 177 40 3.000000
-0.56710398 -0.03045200 -0.37641001 128 155 91 3.000000
-0.14660101 -2.70775390 4.02441120 134 168 92 3.000000
-0.52746302 0.70455599 0.41009301 120 159 90 3.000000
-1.82223594 1.22047198 5.69513607 126 172 69 3.000000
-1.23757303 2.21331811 2.80937290 108 154 75 3.000000
-1.73910797 2.16441798 2.56774092 117 157 83 3.000000
-1.67698205 2.05200696 6.65540504 126 168 57 3.000000
-2.06952190 1.73104095 6.34571218 126 171 45 3.000000
-1.54978096 2.33587193 2.97883105 128 160 68 3.000000
-1.20235896 2.18612003 2.31552410 123 168 73 3.000000
-1.04383898 2.24655294 2.73053002 110 155 84 3.000000
1.08189905 -5.46513605 7.84618807 141 174 110 3.000000
-1.29916704 0.91422999 1.13067305 124 156 102 3.000000
-1.23955703 2.29333210 6.75740004 152 191 107 3.000000
-0.46891600 -1.92523503 3.52270198 120 156 89 3.000000
0.61212897 -5.81747818 8.58416653 145 161 109 3.000000
0.20560400 -2.22731400 4.08361197 135 175 35 3.000000
0.33023199 -2.73251605 5.58866501 124 165 41 3.000000
0.00360600 -2.52612805 4.62809610 138 176 46 3.000000
1.04867494 -3.88243008 6.92208099 126 160 51 3.000000
0.37673199 -2.85140610 5.69495916 124 163 47 3.000000
-0.01041300 -3.62073493 7.42195082 129 168 72 3.000000
-0.48699799 -2.83432698 5.18110991 150 179 69 3.000000
0.68520999 -2.65189910 5.29389000 149 183 42 3.000000
0.47862101 -2.22274089 4.24018717 129 160 101 3.000000
-0.38274100 -2.98556399 5.53158283 153 182 27 3.000000
0.48584500 -3.44760299 6.90228891 122 162 50 3.000000
-0.11486900 -2.68531489 3.63774800 132 172 60 3.000000
0.01906700 -3.09717202 6.37707710 128 167 85 3.000000
0.82629198 -2.91417408 6.46240187 126 164 56 3.000000
-0.29468301 -3.30407310 6.01827383 144 178 38 3.000000
1.00655603 -3.84291601 7.00380087 123 159 48 3.000000
0.24904400 -3.07526398 6.26242399 119 159 52 3.000000
-1.84708202 2.84802008 7.52114105 119 167 89 3.000000
-0.11905200 -2.23935604 3.47883511 128 164 70 3.000000
1.25726295 -3.31234407 6.41330194 144 177 60 3.000000
0.93629199 -3.54060793 7.38524723 129 170 41 3.000000
-0.11605100 -3.23912311 6.38030815 139 173 58 3.000000
0.23637199 -3.67665410 6.93019295 144 179 88 3.000000
0.43947700 -2.25091505 5.25414324 143 179 41 3.000000
0.82804400 -2.42149997 5.87894583 152 178 69 3.000000
0.09323500 -3.50288105 7.33651209 152 167 78 3.000000
0.58585203 -3.46586895 7.05002880 123 164 50 3.000000
0.28228801 -3.88499093 7.32394123 126 164 73 3.000000
-0.18487000 -2.33331800 3.64232302 129 167 67 3.000000
-0.18783499 -2.84850001 5.43617201 140 174 57 3.000000
0.61240298 -2.67520499 5.87003088 127 168 47 3.000000
0.41225499 -2.56311703 4.24971914 126 164 48 3.000000
0.78775698 -2.64933801 6.03158808 134 170 49 3.000000
0.20865899 -3.23635507 6.46823120 127 163 71 3.000000
-0.24914999 -2.50072408 3.92551899 134 172 75 3.000000
1.05628395 -4.08714724 7.00409222 137 175 58 3.000000
0.53776902 -4.88189077 7.37351894 144 181 89 3.000000
1.31915605 -3.25626206 6.58114100 151 178 71 3.000000
-0.04608000 -3.67609406 7.26883984 135 167 66 3.000000
0.63277501 -2.90427899 6.25066805 129 169 50 3.000000
0.69527501 -4.27330923 8.04867840 125 167 72 3.000000
0.90111202 -3.51181197 7.50057220 133 167 41 3.000000
1.17446196 -5.00371218 8.08074570 123 165 99 3.000000
-2.57995200 1.77406704 6.94272089 138 169 44 3.000000
-0.47024000 -2.17140603 3.32087493 122 161 80 3.000000
0.63917297 -3.19879794 6.67806196 125 165 50 3.000000
0.95478499 -2.61071396 6.03688478 137 169 54 3.000000
0.63998300 -3.05034208 6.48134089 125 167 50 3.000000
-0.13890600 -2.59051204 4.22706318 117 156 92 3.000000
1.45461202 -5.20987082 8.68225670 157 187 120 3.000000
-0.30904600 -3.41495800 5.81614113 143 181 32 3.000000
0.83454603 -2.84363198 6.26484013 133 167 70 3.000000
-0.19076601 -2.68127298 4.85152578 141 177 42 3.000000
0.82837498 -3.39375496 6.88170004 124 164 54 3.000000
0.25189999 -2.26656604 3.75941300 131 159 104 3.000000
0.05621200 -2.84734106 5.40949917 140 175 68 3.000000
0.03186300 -3.35268402 6.86973715 133 169 67 3.000000
0.79696500 -3.04038811 6.47146702 122 163 54 3.000000
0.39511099 -4.24740505 7.63355398 126 165 82 3.000000
0.79542398 -4.64607811 7.81368589 122 163 101 3.000000
0.18437800 -2.60529995 5.07844782 128 166 46 3.000000
-0.42289799 -2.03825688 3.43801999 124 163 78 3.000000
-2.45947409 1.89922297 7.19671202 136 170 53 3.000000
0.12404900 -2.85239601 4.81023312 182 212 166 3.000000
0.22145100 -2.26953602 4.28385496 135 175 42 3.000000
0.31039301 -4.49424410 7.66561794 136 173 93 3.000000
0.05490100 -3.45276403 6.97107983 133 170 69 3.000000
0.21431100 -2.49358892 4.87511921 129 170 38 3.000000
0.36633900 -2.47521996 5.24852610 134 174 38 3.000000
0.38569099 -2.91025090 6.07671881 123 164 45 3.000000
0.09108500 -2.41221690 4.30372286 139 177 53 3.000000
0.25403199 -2.84858298 5.65802383 126 164 50 3.000000
0.27588901 -4.02692223 7.28000402 134 168 78 3.000000
0.40509400 -4.78146982 7.47962618 147 183 96 3.000000
0.61399102 -2.72716308 5.99320889 127 169 45 3.000000
-0.17747000 -3.03136706 5.84812880 141 178 52 3.000000
0.46108899 -2.26538205 4.59000921 128 170 93 3.000000
0.10665900 -3.66681099 7.03701878 139 174 85 3.000000
0.63694799 -3.67037201 7.29031610 126 167 48 3.000000
-0.19916500 -4.07969999 7.83327389 137 173 80 3.000000
0.22050799 -3.27563405 6.29643011 134 170 74 3.000000
-0.03918900 -4.40860081 7.76716518 133 172 81 3.000000
0.21312800 -3.88663006 7.01634979 148 177 80 3.000000
0.48762199 -2.18957591 4.40271187 127 164 86 3.000000
-0.15765201 -3.39838505 6.41638803 147 183 41 3.000000
1.45576704 -3.26395011 6.58962297 147 176 61 3.000000
-0.02759100 -4.24473906 7.69617510 129 168 76 3.000000
-0.41955900 -2.97906303 5.99169493 153 184 53 3.000000
0.26146200 -2.65472794 5.27336216 125 166 46 3.000000
0.66713798 -3.95029092 7.65212393 126 169 53 3.000000
-0.33154500 -2.71241307 4.68526888 145 179 35 3.000000
0.38415200 -2.17859411 3.90023303 131 159 114 3.000000
0.22499201 -2.33110499 3.69769597 135 159 112 3.000000
0.39024401 -2.99604297 6.22557402 124 164 48 3.000000
0.03715300 -3.02658606 5.69272995 148 178 85 3.000000
0.34871799 -3.42103696 6.57652378 124 161 62 3.000000
-0.21638200 -3.32222295 5.95017910 147 182 36 3.000000
0.86952698 -5.63921404 8.02756882 135 171 98 3.000000
0.71646798 -3.62724805 7.58290720 130 170 46 3.000000
1.61521494 -4.46037102 8.28660488 162 187 115 3.000000
0.88668400 -2.49912405 3.99913406 150 183 39 3.000000
0.87732899 -3.26945996 6.54868078 116 158 63 3.000000
-0.49253500 -3.11260700 6.15643406 136 155 70 3.000000
0.89873898 -3.45135307 6.65105200 105 154 58 3.000000
0.46179399 -4.47724819 7.64183712 139 175 93 3.000000
0.43572199 -4.48479223 7.85904694 130 169 87 3.000000
0.34271601 -3.00381494 5.63141012 123 159 48 3.000000
0.37705100 -3.97429395 7.23470211 133 168 83 3.000000
0.74360901 -2.62182808 4.34385777 148 182 36 3.000000
0.91798198 -3.02316499 6.21507978 123 159 70 3.000000
0.78218597 -3.63063407 7.26888084 129 169 49 3.000000
-0.08336500 -3.57339597 6.49355507 138 175 44 3.000000
0.90964401 -2.90277100 6.59302378 122 159 60 3.000000
0.72047102 -2.52696204 6.00210905 118 160 54 3.000000
0.27639100 -4.18141508 7.35834980 138 172 85 3.000000
0.43294999 -4.75913191 7.48374701 146 183 99 3.000000
0.68677598 -2.84274912 4.27964592 154 185 65 3.000000
0.33438301 -3.42279506 6.41413116 127 163 67 3.000000
0.24084499 -4.05093718 7.38395023 130 166 73 3.000000
0.58822697 -4.08271980 7.66052008 126 167 55 3.000000
-0.18561301 -3.50075889 6.05168581 149 182 40 3.000000
0.41871300 -3.67701793 6.86977196 126 163 65 3.000000
1.36107802 -3.15598011 6.78436422 158 164 121 3.000000
0.08053000 -4.05167818 7.37424088 154 181 87 3.000000
0.53729898 -2.92791700 5.92030478 129 169 49 3.000000
-0.34072301 -2.85030293 5.45480490 146 169 59 3.000000
1.99035394 -5.88311100 8.23473358 132 172 103 3.000000
0.59027898 -2.42148495 5.70556879 140 176 40 3.000000
0.78555399 -3.34460902 7.08954477 129 168 46 3.000000
0.63954097 -3.83959603 7.46240997 126 167 52 3.000000
-0.14200200 -3.01596999 5.71525192 138 172 78 3.000000
-0.31869799 -3.00137091 5.58747578 151 181 29 3.000000
0.69733202 -3.15119004 6.78835487 129 169 46 3.000000
-0.00808300 -3.11389494 6.11367989 142 179 68 3.000000
1.14012206 -3.40437698 6.27630377 141 178 60 3.000000
-0.30725199 -2.78546500 5.01126480 146 182 44 3.000000
0.81646103 -2.55461001 5.97347403 141 175 51 3.000000
0.39841801 -2.62991691 5.42809105 126 167 43 3.000000
0.31960800 -3.08708596 5.63434696 123 159 48 3.000000
-0.23657800 -2.82726407 5.23053503 141 178 39 3.000000
0.96325803 -3.26364708 6.54103088 123 165 59 3.000000
-0.07035400 -2.55925703 4.80377579 139 176 52 3.000000
0.42727000 -3.15671110 6.62811804 116 157 54 3.000000
0.15076700 -3.84593010 7.39651203 136 173 91 3.000000
0.97110999 -2.68862891 6.36022902 154 177 79 3.000000
0.33054399 -2.53690600 5.19779491 131 171 40 3.000000
1.13889897 -3.24134207 7.28229284 163 176 111 3.000000
0.19267800 -2.81720304 5.49942303 129 166 57 3.000000
0.28489500 -2.13558888 4.33818817 138 178 28 3.000000
1.06122100 -3.37149811 6.79952097 133 157 58 3.000000
1.16810596 -4.58906221 7.90804195 118 161 70 3.000000
-0.45168701 -1.95781600 3.58291507 133 169 98 3.000000
0.49794900 -2.47932506 5.60181522 136 175 38 3.000000
-0.09103900 -3.24000692 6.55201721 129 167 59 3.000000
1.44935298 -5.78888893 8.34626770 127 169 105 3.000000
1.30129898 -4.78354883 8.53263187 153 186 92 3.000000
0.44855601 -4.69344711 7.86584902 138 174 97 3.000000
0.90801299 -3.52437901 7.62285423 136 168 42 3.000000
1.14312196 -4.28722286 7.78423214 124 169 61 3.000000
1.04056895 -5.30881500 8.04982376 138 175 103 3.000000
0.50453502 -5.35441113 8.70460987 138 172 112 3.000000
1.00719798 -5.87215424 8.61535072 135 170 108 3.000000
1.05594003 -4.89565277 8.51458263 129 172 98 3.000000
0.78678399 -4.04675484 7.89493895 132 172 49 3.000000
1.16360700 -4.78546286 8.66756725 129 168 90 3.000000
1.75257397 -6.06341696 8.32246017 128 168 100 3.000000
1.43720603 -5.50073099 8.50108910 143 180 91 3.000000
0.63232398 -4.29847383 7.85809422 127 167 61 3.000000
0.83054101 -4.66325903 8.42740345 124 167 95 3.000000
1.78342104 -5.89062595 8.30252934 129 167 99 3.000000
0.90914798 -4.18661594 7.94702101 132 173 54 3.000000
0.68977201 -4.31023407 7.52443123 131 165 109 3.000000
0.77642602 -5.82601690 8.44699669 129 166 90 3.000000
1.03802097 -5.79676199 8.28036880 136 171 109 3.000000
0.83845103 -3.90589309 7.85475779 134 171 49 3.000000
1.59995198 -5.58747911 8.45355701 137 173 97 3.000000
0.67895502 -5.24388123 7.97875023 129 168 95 3.000000
0.97416800 -5.41158009 8.00769234 143 178 112 3.000000
1.10693598 -3.94944310 7.74286604 125 168 51 3.000000
1.19008601 -5.04214907 8.24516392 130 170 83 3.000000
1.59724998 -5.09419298 8.41778564 136 174 96 3.000000
1.35145605 -4.64372587 8.22491455 132 173 76 3.000000
1.74898005 -6.00447798 8.83363438 138 174 106 3.000000
1.03290701 -4.23023796 8.04763412 133 175 56 3.000000
0.61932701 -4.37671518 7.91328192 126 166 63 3.000000
0.80359501 -4.99914122 8.26177311 123 164 81 3.000000
1.49352396 -5.54535007 8.81031418 156 182 139 3.000000
1.01529801 -5.65078020 8.28079987 142 178 108 3.000000
0.87814301 -5.68547583 8.19780540 132 168 101 3.000000
1.42175698 -4.83921099 8.46803665 129 169 85 3.000000
0.84040397 -5.60545683 7.90701723 132 169 87 3.000000
2.03325391 -5.41880322 8.37256622 141 171 98 3.000000
1.44124901 -4.71315098 8.44790745 137 172 92 3.000000
1.45134902 -5.86828709 8.44413185 128 168 101 3.000000
1.02326703 -5.49577522 8.21295261 136 173 100 3.000000
1.79632604 -4.52253103 8.37358379 173 186 148 3.000000
1.62031198 -5.19309711 8.76463223 159 173 139 3.000000
0.79279500 -4.85917091 8.49650097 121 166 93 3.000000
0.58947802 -5.27828121 8.70310879 127 168 105 3.000000
0.96345699 -5.68052197 8.01972198 139 171 106 3.000000
0.47158900 -4.97360706 7.64632797 141 180 96 3.000000
1.22238600 -4.72445011 8.06020355 126 168 77 3.000000
0.55854201 -5.48115015 8.48589516 137 172 106 3.000000
1.66449797 -5.93754721 8.36979675 129 169 99 3.000000
1.93579698 -5.59988880 8.19898510 139 176 110 3.000000
1.58972704 -5.06792021 8.67902756 164 177 143 3.000000
0.65818602 -4.75992393 8.38455677 121 164 90 3.000000
1.49597800 -4.34330606 8.12196159 158 189 80 3.000000
1.39848399 -5.70997381 8.48630428 133 172 96 3.000000
1.40721500 -3.95235896 7.98645401 172 183 119 3.000000
0.63001698 -5.09769487 7.92011499 134 169 98 3.000000
0.82467997 -5.23344421 8.65730953 124 168 95 3.000000
0.63063103 -5.51632690 7.93480587 131 167 75 3.000000
0.64338797 -4.84479713 8.40723801 122 165 90 3.000000
1.22895598 -4.10638714 8.07137012 166 189 77 3.000000
0.69795603 -5.99618578 8.43529987 133 168 75 3.000000
1.53213298 -6.12097883 8.91541386 137 172 108 3.000000
0.79914999 -5.04304600 8.04269505 135 173 88 3.000000
0.79162502 -5.60147905 8.48415089 141 177 115 3.000000
1.21436799 -4.83992290 7.94758320 134 176 109 3.000000
0.77593797 -3.87302208 7.64441395 128 171 49 3.000000
0.57732397 -4.69095802 7.58279610 140 177 105 3.000000
1.28580296 -5.47303581 8.37775898 141 177 84 3.000000
1.21333003 -4.53253603 8.16941643 140 180 70 3.000000
1.63139498 -5.26505899 8.50868320 148 184 98 3.000000
2.06033492 -5.27077913 8.32765865 143 177 52 3.000000
1.87071598 -6.17561483 8.33370113 127 168 98 3.000000
-1.65594995 3.46914911 7.96814013 133 157 101 3.000000
1.19514000 -3.46942306 7.19794893 135 169 45 3.000000
0.61366397 -4.60135698 8.00486279 122 163 78 3.000000
1.60422802 -5.55226707 8.63693714 146 180 110 3.000000
1.88083899 -4.58786678 8.45889568 154 156 138 3.000000
0.59661001 -4.26042414 7.63782692 122 162 80 3.000000
1.10366404 -4.83300591 8.12096024 128 170 72 3.000000
1.24171901 -4.18367195 8.10176754 163 193 60 3.000000
1.10284603 -4.51453018 7.81069899 142 179 59 3.000000
1.15772104 -5.47087288 8.27992725 135 172 88 3.000000
1.90274000 -6.18351889 8.36164665 128 168 99 3.000000
0.45175099 -4.71267319 7.67595291 137 172 96 3.000000
1.52634597 -4.97356606 8.31021500 130 172 90 3.000000
1.12026894 -4.17806911 8.15334892 166 191 79 3.000000
0.58436298 -4.87619495 7.90129614 133 173 103 3.000000
0.71609402 -5.08399296 8.13742447 135 173 102 3.000000
0.34541601 -5.92431593 8.54748917 133 173 51 3.000000
0.75747401 -5.34069586 7.97286415 129 168 94 3.000000
0.66290498 -4.70253801 7.50375414 141 177 107 3.000000
-1.55560505 2.76180911 7.65319777 109 160 93 3.000000
-2.58483505 1.92422497 7.08884096 133 166 52 3.000000
-2.04488492 2.96964097 7.29177904 134 176 66 3.000000
-1.99597204 2.77732706 7.31511021 120 166 78 3.000000
-1.78013694 3.35384893 7.88735294 123 163 101 3.000000
-2.34817696 3.12088203 7.63746023 123 166 87 3.000000
-2.60763502 2.39579892 7.21261883 127 167 67 3.000000
-2.81041408 2.95065093 7.09359503 126 167 85 3.000000
-2.73220205 2.25372195 7.25276804 128 160 68 3.000000
-2.21383405 3.46381211 7.66963816 117 161 77 3.000000
-1.97986102 2.94318008 7.47728300 122 163 85 3.000000
-2.38009000 2.69087410 7.01748419 129 166 77 3.000000
-2.66946507 1.76781404 6.90977192 140 167 47 3.000000
-2.09427810 3.45244694 7.86380291 121 165 94 3.000000
-2.54986596 3.10718203 7.64177322 122 166 85 3.000000
-2.14189410 3.06576705 7.41524506 135 176 75 3.000000
-2.04996300 3.37351203 7.81300211 116 164 92 3.000000
-2.56323791 2.85428500 7.15465117 125 167 81 3.000000
-2.58415198 2.14730310 7.09762716 126 166 59 3.000000
-2.20020795 3.38465810 7.65394592 117 162 78 3.000000
-1.86176395 3.18843293 7.72336721 113 166 92 3.000000
-1.77471101 2.95099211 7.61594200 107 158 88 3.000000
-2.35053396 2.52291298 7.06988192 124 167 64 3.000000
-2.37235403 3.52319789 8.10582542 188 190 158 3.000000
-2.44636607 2.73824191 7.32971621 123 165 74 3.000000
-2.16130495 3.19237590 7.68429708 118 163 83 3.000000
-2.29205298 3.48575401 7.67630720 120 162 76 3.000000
-2.30702305 3.27260399 7.45487213 128 166 87 3.000000
-2.80346608 2.94043708 7.70688009 133 167 95 3.000000
-2.70689511 2.22291899 7.21506214 129 163 66 3.000000
-2.70130992 2.86310196 7.16674280 124 166 79 3.000000
-2.37172508 3.43495798 8.15446091 218 213 184 3.000000
-2.65319204 3.75449491 7.78713083 125 160 94 3.000000
-2.30365896 2.54285693 7.15555191 121 167 64 3.000000
-2.48088503 2.98003697 7.12556314 130 168 91 3.000000
