x y z r g b
1.623905 -4.238957 0.212106 128 168 103
1.108976 -5.105184 8.082509 119 160 94
-1.035439 -0.387680 2.778661 142 171 105
0.157537 0.305857 3.827971 116 170 56
1.234435 -3.471279 6.606284 139 177 54
-2.126066 2.168809 6.857471 130 171 58
-0.650848 -0.465672 -1.919256 122 156 105
-1.227783 2.256144 6.644236 152 192 107
0.021016 -0.482000 2.195380 139 178 41
0.162812 -1.502350 3.230491 108 160 87
1.013558 -3.610405 -1.193427 139 166 122
0.012170 -1.286185 -1.157372 141 172 84
-0.401759 -0.885360 -2.100395 139 165 90
1.487740 -4.038025 0.170810 133 175 105
3.230769 -5.506946 0.663611 143 182 114
-0.884307 -1.058128 -1.462600 116 156 98
0.417730 -3.366856 6.958580 119 158 55
-0.797272 1.484522 1.902688 115 157 79
-0.062225 -3.229361 6.232234 137 172 59
1.049001 -3.266798 6.560777 131 163 56
0.563234 -2.162720 -1.026068 125 159 91
-0.132664 0.779605 4.793720 111 164 41
1.667557 -4.884747 8.262690 160 178 128
-0.927904 -0.086263 4.194004 139 178 30
-0.384694 -0.386739 3.682811 143 183 25
-1.046891 -0.603586 3.354875 152 191 62
-1.158264 2.380750 2.877288 110 157 76
0.713242 -2.710482 -0.951566 125 161 81
-1.680607 1.510523 1.968113 128 157 78
-1.293538 -0.420895 2.351697 147 183 91
-1.664754 1.588477 2.096819 128 156 78
0.081504 -1.215585 -2.569152 150 178 117
-1.222798 0.079771 3.526710 140 180 30
-0.047705 -1.060739 -2.165567 136 167 92
2.014114 -5.437310 8.333535 136 163 129
0.150491 -1.163091 0.309005 116 161 105
0.155455 -2.891128 4.807879 213 242 207
-2.558432 1.993377 7.220797 134 165 59
-0.860725 -1.130939 -1.361599 113 156 95
-0.363754 -2.390155 3.047861 127 161 65
0.250237 -0.821885 2.847160 129 172 21
2.081714 -4.045559 -0.601048 98 159 109
0.232468 -1.265862 1.857813 117 159 49
-2.652896 2.061602 6.884678 126 168 50
0.027177 -1.340636 -0.179455 135 166 96
-0.699065 -0.373028 -1.793241 125 154 109
1.370469 -3.687319 0.069967 131 171 92
-0.818129 0.171959 4.233360 128 169 44
-0.985813 -1.102350 -1.333327 114 156 95
-0.140997 -0.717746 -2.084307 144 168 109
0.350211 -1.997478 4.525298 148 182 21
-0.490377 -0.846769 2.960550 138 174 68
0.086964 -1.210983 -2.395777 158 184 121
0.649927 -4.591002 8.230016 123 164 69
1.457339 -5.207570 8.768947 167 192 136
-0.319010 -0.140583 4.390442 138 182 32
-0.975520 -0.026110 -1.133211 137 160 126
-1.012127 -0.893044 0.231416 111 159 90
-0.516900 -2.180292 3.550150 127 168 67
-0.064659 -3.172094 6.139760 136 171 51
2.890801 -5.941310 0.098160 129 155 130
-1.506617 2.213687 6.004371 148 186 87
-0.355349 -0.109588 -0.953481 138 167 108
-0.329116 -0.708409 2.071876 139 181 86
-1.421831 2.476945 2.894405 123 159 90
3.359923 -5.185147 0.621462 143 169 117
-0.330413 -1.612735 1.877148 127 165 43
1.260545 -5.651418 8.454984 138 174 95
1.058812 -3.013215 5.343229 141 180 42
-0.103235 -1.036460 -0.924820 128 163 61
-1.071604 1.389994 1.985213 119 156 73
-0.481891 -1.049090 1.110383 134 172 35
1.101972 -5.098167 8.226267 122 163 85
0.167484 0.470570 3.768031 127 179 76
-0.420159 -0.731503 -1.701468 123 156 85
0.007032 -2.623496 4.864130 138 176 55
-0.371884 -0.401807 -0.601053 132 164 85
-0.735095 1.350846 1.826348 116 156 81
2.160093 -4.029671 0.182970 139 168 117
-0.634894 -0.472443 -0.713469 127 164 81
-0.900248 -0.241599 -1.347244 130 156 123
-0.188187 -0.259143 -0.908656 143 177 99
0.868147 -0.315064 3.694186 147 183 29
-0.443768 -0.840049 -1.994878 136 165 85
2.615826 -5.565007 0.118380 134 163 116
-0.390037 -1.014806 -2.284170 149 168 114
2.091944 -4.849440 0.586563 126 165 104
0.179879 -3.029486 5.997969 127 164 58
0.693746 -2.671864 -1.141218 128 166 87
-1.554210 1.992943 6.795240 151 188 86
0.083764 0.012318 3.579857 113 169 40
1.588226 -6.356947 8.606112 125 161 100
0.836266 -4.974619 7.941497 141 179 71
-0.142590 -0.857941 1.845608 131 174 96
0.883668 -3.070181 -0.758134 130 172 95
-0.206407 -0.411187 -1.120232 131 170 95
0.589900 -2.979807 5.711626 124 154 65
-0.171840 -1.369912 2.938075 126 170 79
-0.041142 -0.910493 -2.520700 143 160 95
-0.188138 -1.650171 0.804498 136 171 71
-1.136966 -0.638220 1.665046 131 175 102
0.793365 -3.086246 -0.934126 121 162 91
-1.915802 1.010281 5.787501 134 172 48
0.847479 -3.511802 7.079062 129 170 48
-0.132004 -1.104663 -0.539631 132 163 45
0.045981 0.054202 0.059585 186 208 236
0.396867 -1.179307 -1.605091 151 173 126
-0.282886 -3.358134 5.935977 143 180 34
-0.364915 -0.680748 2.432783 148 185 76
-1.606462 2.002309 6.649720 147 187 68
-0.199258 -1.489895 1.018576 117 161 39
-0.932854 0.006713 -0.927619 127 160 123
-0.941719 1.268605 4.655274 150 189 63
-2.075963 2.126085 6.464774 136 177 70
-2.531722 3.120454 7.312674 133 166 96
0.111532 -1.413863 -0.319100 137 165 85
0.718993 -2.960845 6.416112 127 168 51
-0.964426 1.590865 5.855079 130 176 72
-0.880381 -0.501119 2.479765 151 178 96
-0.211975 -1.095573 0.007808 134 168 41
-0.001010 -1.049877 -2.338599 142 167 109
-1.710916 2.098863 3.051878 130 175 36
-1.567952 2.285049 3.431097 127 169 46
2.682348 -5.096360 0.352964 127 164 131
1.057626 -4.031716 7.850406 126 169 53
-0.898049 -0.310708 -1.592209 128 156 115
-0.195357 -3.631330 7.363375 149 176 81
0.318627 -1.158300 1.767206 115 164 92
-2.403824 1.798653 6.374495 117 163 41
0.151429 -1.475271 1.222746 121 161 86
-0.437638 -2.689444 4.162435 117 159 81
-0.550974 1.289966 5.224108 148 187 51
1.157651 -3.017148 -0.210024 141 161 123
0.543337 -4.961654 7.701243 136 177 97
1.025567 -6.063230 8.263884 137 173 89
-0.889074 -0.129039 -1.461971 144 166 129
2.908432 -5.834026 0.450081 146 166 117
-2.174921 2.970844 7.257212 128 172 67
0.128824 -1.892894 3.203607 112 154 103
1.116742 -3.455852 -0.242598 134 176 99
-0.786814 1.686549 5.844210 136 175 83
-0.055191 -0.358866 1.975722 145 183 61
-0.767883 -0.507629 -1.908470 125 158 110
-1.585918 1.867000 2.976850 131 175 40
-0.919760 -0.638357 1.037198 132 170 109
0.611153 -4.458157 8.085379 122 164 72
-1.528037 1.586152 6.074411 135 178 85
-0.384142 1.169179 1.558628 120 159 86
0.495894 -5.369653 8.487303 132 168 101
-0.766637 1.892224 2.290457 111 157 85
-0.267575 -1.509306 0.779301 130 168 53
0.381448 -1.955035 5.125644 153 186 56
-0.727045 -1.240860 2.228685 158 188 51
-0.593407 -0.543965 2.250293 141 182 70
0.195664 -0.329537 -1.156611 127 171 107
2.374831 -5.232653 0.432735 136 165 106
1.279750 -4.878437 8.218431 125 166 75
2.510470 -4.570209 0.342003 109 157 107
0.545880 -2.316529 5.503761 142 177 44
-1.096471 2.117113 2.040946 137 178 84
-1.820531 2.385174 3.377299 132 174 37
0.057236 -1.087670 -2.527470 150 179 116
1.498696 -4.116933 8.197709 166 170 141
-1.937315 0.648090 5.531423 141 187 64
-0.984873 -0.631449 3.053037 148 187 78
-1.951115 2.950379 7.624704 117 165 84
2.233593 -4.049536 -0.508704 101 160 110
-0.940183 0.132761 -0.805575 136 162 123
-0.363554 -0.881751 -1.414999 118 159 106
-0.321965 -2.806196 5.156006 148 184 35
-0.049710 -0.262662 -0.767395 140 171 95
-0.697143 -0.456421 -0.749067 127 162 88
0.147909 -1.232786 0.009910 123 159 113
3.252384 -5.648592 0.635953 143 179 118
-0.129995 -0.524017 -1.596335 145 170 124
-0.491620 -1.448546 2.435200 131 178 82
-0.486998 -3.014147 6.021895 152 182 72
2.498343 -5.089776 0.788565 137 178 110
0.306776 -1.844247 3.013462 125 166 48
-1.568166 1.878659 6.160730 222 231 182
0.944424 -3.491521 7.568137 136 166 39
-0.139739 -1.373864 3.078497 121 167 86
-1.073649 0.927716 0.742341 127 167 116
3.047250 -5.985200 0.084820 136 162 143
0.140583 -0.941919 -0.285836 104 155 101
-0.041980 -1.072661 1.075210 116 160 92
1.037346 -2.833707 -0.480997 137 155 112
0.593985 -2.054895 -0.272940 230 250 250
-0.150037 -0.003733 -0.367483 126 165 92
-0.706054 -1.024192 -0.936521 115 160 91
-1.263419 1.902464 6.518209 153 191 111
-0.012093 -0.618366 -1.646646 154 165 79
-0.561155 0.508554 0.244682 139 166 105
0.126468 -1.112401 -0.139532 124 159 109
-1.483407 -0.799048 2.863570 143 175 31
-0.566387 -0.473661 3.041668 129 169 26
-0.730032 2.144692 2.594806 111 158 87
-0.214965 -1.320934 0.029256 143 176 39
0.468103 -1.373302 0.242314 133 159 121
-1.612771 2.224677 6.965002 133 169 92
3.022386 -5.653310 0.644032 143 175 114
0.324066 -5.919045 8.528856 134 173 49
0.202292 -2.288844 4.434087 136 176 34
-0.200515 -0.654132 -0.749857 137 175 95
0.758821 -5.452816 7.859378 129 167 85
-0.936643 -0.902980 0.402176 115 163 96
0.680959 -2.655795 4.302013 151 183 42
-0.087859 -0.922573 -1.534378 124 161 78
0.497151 -4.946859 8.605386 122 162 93
1.150703 -5.883877 8.394117 139 175 116
-0.025907 -0.504171 -1.063556 121 157 78
1.418811 -4.843559 8.265113 132 172 79
-0.402168 -1.085853 1.543628 133 171 84
0.297490 -1.322257 -1.179444 151 169 111
-0.848623 -0.342543 -0.409566 131 160 90
0.183537 -1.478757 -0.319642 141 167 92
-1.766700 2.574981 3.384138 133 176 39
0.073038 -2.480675 4.483373 136 176 52
1.967790 -4.350553 0.602373 135 173 102
0.079786 -1.481872 -0.799776 148 168 97
-2.392307 1.980559 6.637490 131 169 55
-0.240351 -0.140164 -0.915563 140 175 102
-0.002529 -1.270102 -1.382667 133 163 103
0.207269 -1.184563 1.419276 113 157 73
1.346359 -2.877273 -0.698768 125 160 81
1.494856 -5.613397 8.800700 153 182 134
0.203372 -1.680157 -0.358434 154 174 104
0.057140 -1.272282 -0.551111 129 161 103
0.611444 -3.634329 7.121682 125 166 50
0.795142 -3.266934 6.821886 122 163 51
0.072702 -1.238909 1.223736 113 158 83
0.259016 -0.739657 -1.679500 161 160 91
1.735872 -4.146377 0.323979 139 176 107
1.336544 -3.191041 6.445912 143 175 64
-0.132273 -1.807412 2.724472 130 172 88
0.006240 -0.685507 -1.708919 147 159 73
-0.343206 -1.222094 0.690812 144 177 44
-0.010372 -1.880404 0.201367 181 207 112
-0.756417 0.775166 5.214186 164 181 132
-0.557708 -0.636459 -0.513920 128 162 104
1.183764 -3.286142 -0.164416 125 160 85
-0.839604 -0.787898 3.154428 147 190 81
-0.511113 -1.439865 1.679820 152 185 79
-1.171366 1.335353 5.079930 154 189 74
0.244661 -3.259807 6.652171 123 161 66
-0.207059 -0.803630 0.474797 130 163 82
0.094735 -1.269725 -1.737710 154 183 116
-0.699791 -0.409489 0.560080 129 159 119
0.012204 -1.464438 0.010750 140 173 88
-2.674245 2.066868 6.866043 127 169 49
-0.044064 -1.057574 -1.199203 124 159 76
-1.992877 3.093498 7.636589 111 160 83
-0.147831 -0.102547 -0.535403 132 171 90
-0.997143 -0.484346 3.732817 153 188 104
1.383107 -4.805057 8.566560 125 167 83
-1.154560 1.353642 1.829252 114 155 66
-0.163469 -1.083693 -0.334187 131 165 39
-0.524037 -0.022001 -0.646277 136 165 103
0.148067 -1.824168 0.214053 146 174 103
0.144655 -1.096773 0.022369 115 157 104
-0.269809 -1.801341 0.966785 165 191 64
3.273999 -5.190960 0.629107 145 173 113
0.375190 -1.370587 2.132775 120 163 71
0.613826 -4.473585 7.669296 125 165 101
-0.567250 -0.307234 -0.588236 128 167 92
-2.199448 1.580256 6.563405 128 169 38
-0.129329 -3.115675 6.042564 141 177 56
-0.140869 -1.430637 -0.235259 154 183 60
0.284099 -1.875806 -0.179314 189 204 186
-0.039884 -0.847334 -0.721035 132 154 79
-0.962623 1.691956 2.070543 116 160 75
2.881726 -5.498771 0.694339 142 172 112
0.122853 -0.395425 3.187984 105 167 9
1.744420 -3.896131 -0.150046 133 166 97
1.065518 -3.065105 -0.385510 129 160 89
-0.140399 -0.418191 1.638630 142 175 106
0.265121 -1.152089 -1.869960 141 168 103
0.235157 -1.220623 2.736854 111 159 42
0.858821 -3.264788 -0.757934 120 159 89
0.075093 -1.238495 -1.572634 146 174 109
0.259589 -1.789920 -1.330639 139 170 31
1.451262 -5.436083 8.666725 146 181 115
2.448782 -4.872479 0.862203 137 176 104
-1.182451 1.533135 6.017874 142 181 80
0.191170 -0.196011 -1.648685 107 157 88
-1.644391 1.713287 6.076491 138 167 89
1.290946 -3.685770 -0.016803 133 175 97
-0.201126 -0.954781 2.598596 126 170 81
0.386437 -0.954854 -0.556328 124 171 106
-0.196836 -1.502962 0.031325 152 181 58
0.291843 -1.785984 -0.965254 143 171 25
-0.716144 -0.932389 -0.817274 112 156 79
-0.664666 -1.070763 2.026979 151 183 47
1.967867 -5.065701 -0.157157 142 161 110
0.268856 -2.726480 5.446709 124 164 46
-0.822217 -1.531688 2.567580 156 186 67
-0.717081 -0.559921 2.097706 143 174 94
0.176206 -1.308088 -1.901345 145 170 101
-1.551430 2.612252 7.405517 112 161 90
0.430818 -3.727463 7.302310 117 158 58
-2.004970 0.616919 5.600133 139 187 64
-0.610938 -0.975788 0.476505 123 165 98
0.168865 -1.407608 -0.539055 139 163 102
0.490168 -3.140219 4.197912 139 175 39
0.227217 -1.709676 2.384786 131 164 110
-1.961151 2.146065 6.873847 130 171 67
3.305344 -5.951979 0.511793 148 179 114
-0.197031 -2.636576 3.821453 132 166 92
-1.534487 1.082080 1.492333 126 158 106
3.293524 -5.108134 0.585570 124 162 110
0.051525 -0.505965 -1.353399 151 172 84
2.151325 -5.909388 8.756168 139 172 112
0.444990 -5.951524 8.559449 133 174 58
0.168471 -1.247619 0.175342 122 160 113
0.020779 -1.482607 0.835396 125 162 67
-1.174384 1.435565 5.860675 132 174 87
-0.754207 2.067610 2.481835 109 154 88
-0.714017 -0.465857 -0.583798 128 164 80
-0.701662 -1.282947 2.083683 157 187 67
-0.361896 -0.379023 -0.724938 136 166 92
0.475802 -1.345547 0.241333 133 160 121
0.185730 -1.728065 -0.158584 166 188 116
0.379614 -1.687649 1.833003 137 165 97
-0.081008 -1.117309 -1.062308 129 165 65
-0.141343 -1.274563 -0.339197 139 173 38
-0.289266 -0.802238 -0.556289 118 159 80
-0.519825 -0.529446 2.816513 141 188 63
-2.703940 2.761059 7.222637 126 165 75
0.151687 -0.204028 -1.338220 146 159 82
3.162166 -4.881359 0.042308 100 158 108
0.060835 -1.266302 -0.776559 133 162 109
0.251159 -0.415757 -1.467474 109 157 87
-0.105154 -0.893187 -0.837539 127 158 62
0.016587 -0.165404 -1.306248 140 173 91
-0.570419 -0.871127 1.852830 145 180 29
0.577370 -5.902163 8.455162 133 171 71
1.625759 -3.673024 0.392897 142 170 110
2.752051 -5.726497 0.005795 116 160 115
0.610841 -0.128988 3.551216 143 180 38
0.093201 -1.346722 -0.256828 134 162 118
-1.432979 1.616735 6.133891 130 171 85
-2.112205 3.360094 7.791363 115 165 87
-1.459450 2.203282 6.716411 128 177 87
0.113293 -0.875872 -0.325058 102 155 101
0.184693 -1.420673 0.063248 131 157 112
3.404275 -5.412057 0.476774 105 158 111
2.487258 -4.276355 0.005858 133 165 94
-0.004011 -1.920099 0.115985 227 250 219
0.159233 -1.083087 -1.595379 147 178 110
-1.238549 -0.712137 0.467689 129 163 116
0.043437 -0.433446 0.637941 124 167 129
1.062112 -3.326395 -0.396031 130 171 93
0.136779 -1.312904 -2.347924 153 176 118
-0.730533 1.340219 5.236008 148 189 50
-0.510714 -0.910355 -0.556031 122 156 99
-0.373559 -0.366264 -0.737686 137 165 96
-0.071642 -1.005905 2.168295 127 170 104
3.022567 -5.488317 0.402178 123 166 123
-0.457004 0.831297 4.555820 146 187 38
-0.803597 -0.280834 4.025544 138 179 26
-0.999980 1.036094 1.000642 127 160 99
-0.565687 0.148685 4.032642 134 175 34
-0.424591 -2.392900 3.339699 120 154 95
0.169417 -1.649616 -0.608103 176 193 122
2.444832 -5.263476 0.109762 128 169 122
1.844049 -4.280091 0.438629 136 175 105
0.428952 -1.723480 0.188169 153 191 79
-0.101918 -2.528425 4.581172 139 173 29
-0.535055 -0.710944 -0.750402 122 157 88
-0.658631 1.120550 0.990054 120 157 89
0.473123 -0.473579 3.219279 141 179 32
-0.391391 -1.622311 1.691681 152 186 70
0.147992 -1.108829 2.675144 115 162 26
0.329670 -1.861800 -0.272145 177 191 173
-0.146815 -1.369861 -0.255847 148 180 44
0.051167 -0.943463 0.663219 117 159 97
0.348120 -2.012733 4.924612 152 187 32
-0.189713 -1.099930 -0.152674 135 169 36
-0.510533 -0.871268 1.683868 147 180 40
-0.595846 1.401047 1.799874 117 157 92
-0.026068 -1.051393 -1.942522 134 166 96
0.124807 -0.431846 3.019407 107 166 24
0.208205 -1.281149 -1.564830 144 170 101
1.919356 -5.348007 8.422777 146 179 48
-1.488755 1.808739 2.938210 133 178 45
-1.543743 -0.057323 2.206188 149 175 108
0.060923 -1.052031 -1.771171 132 163 104
-1.568216 2.667016 6.281124 142 180 73
-0.963130 0.012298 2.808885 144 179 50
0.098926 -1.238710 -1.956649 152 180 112
0.864722 -2.105446 3.816099 138 180 30
-0.026689 -3.270488 6.618273 131 166 66
0.758077 -2.254227 5.545734 154 183 65
-0.095815 -1.082865 -0.768118 129 162 56
-0.072706 -1.239306 -1.061727 135 170 55
0.528245 -1.225697 3.202063 121 165 75
0.588752 -0.744942 -1.780164 187 159 101
-0.117828 -0.811103 -2.003505 128 154 83
-0.687823 -0.886738 2.395311 159 189 34
-0.028330 -0.266335 -1.127287 138 157 81
0.126023 -0.954756 0.083861 112 158 95
-0.649797 1.744353 6.015628 142 162 100
0.132413 -1.173177 -0.118942 127 162 111
0.299675 -1.482382 2.611225 117 158 57
-1.524639 2.449202 6.388065 142 183 60
0.073051 -1.236356 -2.164105 156 183 116
-1.427979 1.269014 1.690627 119 154 72
-0.191763 -1.292846 -0.123132 139 173 37
0.402901 -4.232398 7.473900 141 176 94
1.512926 -5.109272 8.599300 157 183 128
1.592569 -3.890728 0.292955 133 169 94
-0.453328 0.207248 4.286020 127 171 38
0.147531 -1.311590 -2.226129 155 177 118
-0.398389 -2.753531 4.916668 143 179 26
0.032883 -0.334514 -1.305863 161 178 99
-2.018960 1.756153 6.606950 135 176 46
-0.853623 -0.594041 2.601158 150 185 74
1.177263 -3.514274 -0.150128 132 173 96
-0.177448 -0.842953 0.017380 140 162 88
2.593413 -4.624295 0.309690 101 155 113
0.278835 -1.241356 -1.747449 145 170 109
0.422071 -1.530431 2.212201 122 155 77
-0.009135 -1.039088 -1.390032 123 159 91
-0.260126 -1.853784 1.252933 164 191 63
0.404367 -0.802432 2.349128 105 155 77
0.023376 -0.363514 4.158023 121 171 45
-0.371538 -2.242264 3.615731 126 164 77
-0.092941 -0.998104 -1.594493 130 167 91
-0.977121 0.926764 4.866684 141 181 49
-0.202039 -0.191454 -0.795634 135 174 92
0.090057 -2.763548 5.364689 139 175 67
1.755016 -4.322233 0.296908 136 175 109
0.069535 -0.828948 2.992768 108 158 35
-1.122670 -1.460414 2.830088 160 189 67
0.417987 -3.129065 6.490536 120 160 51
1.115300 -5.236887 8.216358 121 160 92
-0.012729 -1.040150 0.813121 123 163 95
-0.220699 -0.770229 0.889949 140 168 60
0.500045 -0.845688 -2.364578 145 160 95
-2.321199 1.660730 6.614207 119 164 42
-0.394786 -0.714244 -0.588842 114 154 93
0.284381 -0.663144 2.808335 140 181 28
1.103981 -3.378839 6.079738 140 179 59
2.196597 -4.711232 0.661763 134 175 109
3.010338 -5.683789 0.279195 128 164 131
-0.011684 -0.867513 -1.071124 133 159 82
-0.365820 0.921641 4.780036 141 182 38
-0.140905 -0.892860 -0.261514 140 169 86
0.360293 -1.760360 1.995080 141 161 117
-0.506272 -0.027707 -0.668242 135 166 101
2.481718 -5.117027 0.309520 133 165 124
-0.295827 -0.412957 -1.166878 141 170 113
0.041588 0.072982 3.101445 110 169 49
0.095405 -1.415837 -0.501793 133 160 75
-0.321025 -1.140627 3.173825 140 181 66
-0.299956 -0.081256 -0.563122 139 178 91
-0.183317 -0.148947 -0.715908 136 173 89
0.912165 -4.933795 8.635100 126 169 102
2.644890 -5.272084 0.803166 139 176 111
-0.873806 0.188788 4.272193 130 170 45
0.615155 -0.151585 3.510162 143 181 37
-0.002674 -1.223619 -0.914630 127 161 86
0.697833 -3.665276 7.489483 128 169 49
0.162704 -1.627561 -0.883952 158 170 110
-1.376415 2.243609 2.575788 121 166 67
-1.784682 2.210046 3.502190 132 176 38
-0.072992 -0.174846 -0.582150 127 164 94
2.797814 -5.672812 0.614966 145 172 113
-0.496083 -0.594241 0.319033 118 154 106
0.581005 -2.168426 -1.048036 125 158 90
1.374902 -3.419437 -0.572679 132 171 108
2.800884 -5.428768 0.346088 125 165 122
0.389357 -2.456312 4.127829 123 158 53
-0.085661 -0.991683 -1.779340 128 162 91
-1.713406 2.198563 3.172076 131 176 38
0.031880 -5.072623 8.045720 132 169 86
-0.717763 0.664185 5.119415 165 182 128
-0.131659 -3.244998 6.797763 134 171 49
0.166365 -1.623175 -0.730877 185 202 114
0.556072 -2.163597 -1.107267 123 154 89
-0.601780 -0.095873 3.998914 137 178 31
-0.269241 -0.154754 -0.708260 140 177 97
-1.730279 1.979400 2.906543 132 176 38
0.663815 -2.858465 -1.293421 115 155 89
-1.279045 2.285504 2.832716 107 154 77
1.099464 -3.246444 7.251731 154 172 88
0.090906 -1.462134 -0.153083 127 154 85
0.147518 -0.323831 3.926693 127 174 21
-0.080819 -0.568449 -1.620657 140 163 97
3.335210 -5.169232 0.030138 100 154 110
-1.353531 1.356552 5.887573 141 181 77
-0.084495 -0.933228 -0.961688 132 166 68
0.518465 -2.616332 4.425048 153 187 31
-0.055590 -1.097609 -1.576256 135 168 100
-1.685097 2.483105 7.217524 111 166 75
-0.160649 -0.896871 -0.106280 142 168 81
2.952213 -5.954670 -0.009414 112 154 110
-0.969040 1.512962 2.036212 114 158 69
1.151864 -3.667939 7.592646 135 168 39
-1.758802 1.097128 5.848697 136 177 44
2.191948 -4.226043 -0.042783 98 158 117
0.315365 -0.603673 3.889321 137 176 29
-0.124254 -0.415307 -1.014913 128 167 85
0.729182 -1.729359 3.230677 137 178 48
-0.049475 -1.239741 2.076790 131 170 49
0.179038 0.272401 -0.343248 150 176 114
1.539117 -5.590222 8.745394 151 182 129
-0.000358 -0.298322 2.668781 108 162 54
0.147377 -1.319484 -2.451092 155 178 119
0.072830 -1.232582 1.121359 116 159 92
-1.117851 1.042137 1.092821 119 155 103
-0.649442 -1.833219 1.600799 163 188 49
-0.355170 -1.838646 1.499856 139 168 101
1.216474 -4.374088 -0.036904 132 161 113
0.626372 -2.764029 6.176651 129 170 46
2.370339 -5.324229 8.403166 141 179 58
-0.749432 0.959592 1.015154 127 162 103
2.631056 -5.428330 0.719120 134 169 104
0.583924 -0.762873 -1.902303 196 170 84
0.762476 -3.231183 -0.902557 119 160 90
-0.051483 -0.424112 4.226665 121 174 45
1.355637 -3.489248 0.053796 132 163 88
3.502393 -5.841843 0.094242 160 188 125
-0.576786 -1.281145 1.632758 153 184 73
-1.394600 1.149584 1.395714 120 155 91
-0.158189 -1.312774 2.827133 122 168 84
-0.961310 -1.334263 2.403828 145 173 52
0.085911 -0.994351 -0.505500 115 160 99
0.174100 -0.515267 2.315215 148 188 29
-0.479488 1.678531 5.489812 151 189 62
-1.107018 0.777573 4.705855 146 186 54
0.639118 -1.044141 3.282388 151 191 89
2.674271 -5.592558 0.645467 144 172 110
-0.455746 -1.981941 2.867442 117 164 77
3.022225 -5.445797 0.756382 152 182 119
2.253031 -5.828715 -0.030886 130 161 135
1.811116 -4.497765 0.287026 132 170 108
-2.222811 1.214664 6.620560 144 167 48
2.661408 -5.699790 0.473850 147 170 114
0.176738 -0.562288 3.123642 114 166 53
-0.449049 -0.386729 3.177000 129 171 37
1.671660 -4.678580 8.483457 173 182 153
2.989123 -5.042568 0.473634 115 163 110
1.465326 -4.266292 0.098527 121 160 97
3.200278 -5.077383 0.511631 111 158 112
-0.630907 2.094928 6.204547 117 171 75
0.333279 -1.859858 1.507507 122 155 49
1.108981 -4.205900 -0.356584 141 165 121
1.177513 -2.917214 -0.953496 121 163 94
2.854834 -5.232938 1.019495 143 175 111
-1.973327 2.312915 7.053849 131 173 69
0.558367 -2.587830 5.546503 127 169 35
1.200518 -3.693175 -0.160482 128 171 98
2.169506 -5.653660 0.032569 133 164 136
3.454661 -6.114499 0.473081 149 177 113
3.410587 -5.603951 0.601043 142 178 118
3.639687 -6.065509 0.287671 168 190 121
3.386590 -5.462596 0.601636 142 180 111
0.617124 -3.228502 -1.121628 123 155 93
1.719206 -4.624687 0.207852 135 169 103
-0.325827 -0.902454 0.839277 122 163 58
-0.840484 0.246486 4.473227 128 170 52
-0.477786 -1.202346 1.040065 146 179 54
2.609827 -5.087407 0.884403 138 175 108
-0.224586 -1.864755 3.200405 117 164 73
1.804003 -4.675792 0.274573 134 169 105
-0.101398 -0.344820 2.010341 142 181 60
1.268319 -3.475116 -0.020487 129 166 87
0.250845 -4.986509 8.088787 133 171 91
-0.402085 -1.261257 0.814077 147 180 52
-2.241194 3.286458 7.517110 123 164 79
0.854249 -3.620857 7.434274 129 170 44
-0.974307 0.596341 4.430117 151 189 62
1.550530 -4.476629 0.108618 133 167 107
1.476094 -4.488908 0.023254 138 169 114
-0.833183 -0.824809 -0.385269 130 162 112
-0.352813 -1.839981 2.611309 125 177 43
-1.663123 3.468275 7.886948 162 179 129
1.405323 -4.047345 0.106577 123 165 97
0.441068 -3.227171 6.648120 123 162 51
-0.790869 0.853421 4.677124 140 180 39
-2.373195 3.136357 7.313850 135 163 98
1.622394 -4.063146 0.263537 137 176 105
1.094453 -3.318498 6.018548 141 180 56
0.829214 -5.449127 8.008618 132 169 98
-2.135512 2.907288 6.932179 118 169 87
0.832931 -2.849571 -0.771381 128 165 85
0.010544 -2.266987 3.545436 136 166 102
0.858882 -3.477479 -0.621974 118 157 88
1.298252 -3.857824 -0.029233 126 167 100
-0.875729 -0.806379 -0.197573 119 156 104
0.110180 -4.089026 6.973063 127 167 77
-0.785715 1.921636 6.578131 143 169 95
-0.844098 -0.654318 1.250630 123 167 106
-0.352490 0.872896 4.648444 140 182 35
0.853965 -4.983515 8.676581 125 167 103
1.313149 -3.288227 -0.732321 124 163 102
3.288401 -5.186016 0.034452 101 157 112
-1.451148 2.800388 7.589003 105 160 90
1.111087 -4.099982 -0.306762 124 156 105
-0.797555 0.307482 4.277821 134 175 47
2.689015 -5.075856 0.986405 140 174 103
-1.158180 -0.221771 2.910470 134 172 60
1.130954 -3.100848 -0.247682 128 155 100
-0.298919 -1.647203 0.865396 153 184 49
-0.443810 -1.501520 1.592704 145 180 71
2.261062 -4.680126 0.838705 136 174 100
2.475264 -5.501304 0.252859 157 178 115
-0.524252 0.686008 0.757822 117 154 79
3.071662 -5.476787 0.690974 147 183 116
-0.943796 -1.442518 2.654081 155 183 78
1.061993 -4.051601 -0.169961 124 158 98
0.803835 -4.879236 7.845127 124 167 112
1.003213 -3.087802 -0.543442 125 164 87
1.241996 -3.540449 6.486673 141 180 57
2.462459 -5.186415 0.311968 141 174 112
0.012870 -1.850309 2.367718 145 183 108
-1.541258 1.191049 6.223056 151 187 46
2.899226 -4.618715 0.328668 138 167 95
0.100369 -1.525671 0.665157 131 165 82
-0.131785 -0.973876 2.602909 128 172 85
0.146247 -0.477699 2.736688 112 166 55
1.148244 -3.130239 -0.944521 119 161 101
0.995476 -3.620849 6.848937 128 170 58
-0.486523 0.605304 4.704082 139 181 33
1.173745 -2.747040 -0.909987 135 164 102
0.916152 -3.294347 -0.635825 126 166 96
0.434220 -2.477676 5.430107 134 174 39
0.482090 -5.044887 8.253140 136 173 104
1.372105 -4.099501 -0.360502 131 157 132
1.655231 -4.677316 0.079034 137 166 109
3.313189 -5.257615 -0.103363 104 156 112
-1.016370 1.919672 5.415261 210 220 152
1.834214 -4.834521 0.254522 138 168 103
-0.779103 -0.801947 1.253306 127 166 99
1.827970 -4.077325 0.460879 131 166 92
-0.856327 2.506094 3.079453 108 154 78
0.083202 -2.388989 4.051834 125 161 89
-0.736268 -0.535871 2.416265 141 179 84
-0.456216 -0.387603 3.095802 130 173 45
2.470388 -5.237104 0.634058 129 163 102
1.342801 -3.415485 -0.713104 121 161 106
2.044960 -4.476828 0.659762 136 175 103
0.270371 -2.146744 2.211781 218 236 236
0.466043 -3.874011 7.242812 124 162 64
3.235641 -5.142019 0.018172 103 157 113
1.022643 -3.632983 -0.348320 119 158 89
0.368227 -0.462299 2.798766 145 185 32
-0.354784 -1.894181 1.271955 159 185 67
3.342061 -5.363968 0.502207 109 160 117
0.660543 -4.101979 7.824838 130 171 53
2.472740 -5.388605 0.599680 128 159 91
-0.918202 2.271461 1.880325 116 157 60
-0.379883 0.574270 3.815237 113 173 35
2.234084 -4.893907 0.656334 132 173 110
3.273603 -5.300608 0.487105 105 156 115
-0.315619 -1.228159 0.453157 144 176 50
1.487558 -5.485860 8.046370 111 156 114
0.489801 -4.866892 7.633338 140 179 98
-2.392254 2.186938 6.888960 129 169 49
0.571506 -1.297664 3.199024 180 209 192
-1.500794 2.012306 2.251680 124 156 105
0.622740 -3.126091 -1.143689 121 158 94
0.969793 -3.114622 6.999192 139 171 55
-0.588811 -1.001962 -0.091216 118 159 92
-0.414695 -1.475839 0.853308 156 186 70
-0.821808 -0.791914 0.636358 113 159 93
1.811193 -3.954727 0.410740 129 162 86
-1.931449 2.785633 7.421852 119 166 83
-0.891490 0.258626 4.416219 128 169 46
0.244210 -2.293569 4.629920 140 178 31
0.759897 -4.230159 8.083428 135 174 62
1.961200 -4.681751 0.493997 130 168 107
0.446194 -2.834481 5.872782 127 170 48
2.024149 -4.932636 -0.184023 136 155 112
0.698944 -4.508370 8.200928 124 165 68
0.085124 -1.573288 0.892073 141 174 102
2.223591 -5.259549 0.092422 139 168 118
0.175605 -3.495910 6.909741 127 163 69
-0.273295 -0.718344 1.098631 139 168 61
1.174888 -3.828266 -0.161877 115 156 89
-0.970172 0.557181 0.808809 135 162 118
2.032385 -4.608360 0.589222 137 177 112
2.372159 -4.692860 0.867030 142 173 105
-0.681818 -0.584770 2.094861 143 177 84
-0.046658 -0.289044 1.646863 142 177 94
-0.136232 -2.725847 5.077363 138 174 45
-2.149408 2.657983 6.966783 132 165 88
0.952972 -4.320019 7.903673 125 167 64
1.262743 -2.826547 -0.766951 124 160 89
0.267994 -1.726731 1.798267 135 169 77
2.818062 -4.654694 0.366911 131 165 105
3.465320 -6.028034 0.604197 144 175 114
2.148810 -4.057861 0.143351 138 166 112
1.834922 -5.503457 8.442136 146 176 88
-2.120939 1.302866 6.528774 124 162 44
2.561118 -5.259491 0.713242 129 167 102
0.154903 -3.997589 6.947669 149 170 119
0.835042 -2.698698 -0.931756 125 162 85
3.287420 -5.954172 0.308798 156 173 127
-1.605316 2.150063 3.001084 132 178 38
2.243961 -5.026346 0.585281 129 166 104
-0.336259 -1.427377 2.278039 129 174 92
1.104058 -2.745338 -0.985695 123 158 93
0.569277 -3.117898 4.180461 139 173 46
-0.675763 -0.819825 2.690191 162 190 16
3.296443 -5.680241 0.509646 136 174 122
-0.606326 -0.025025 -0.107028 134 164 89
2.607084 -5.375287 0.761582 133 170 104
3.299385 -6.071778 0.462461 132 157 101
1.893376 -4.616469 0.396984 130 169 105
-0.763829 -0.214048 3.898557 139 180 26
2.193241 -5.014825 0.512910 129 166 102
3.715449 -6.005756 0.517082 159 189 140
-0.058139 -1.825298 0.539164 159 192 49
-0.797172 0.716235 4.556403 142 181 40
2.684442 -4.721555 0.389656 117 162 112
0.083466 -3.814213 6.917899 123 159 33
3.557768 -5.904176 0.035467 166 191 121
-0.638136 1.791531 5.748113 148 177 90
-0.759798 1.966364 6.070685 142 174 74
1.478875 -3.854600 0.210534 134 173 97
2.393973 -5.034365 0.689767 135 175 112
0.117035 -1.407002 2.462856 123 165 71
-0.119745 -0.907717 2.028262 132 175 106
2.382993 -4.507776 0.260517 124 162 103
1.491442 -3.732153 0.245613 134 169 99
0.562104 -3.658231 6.621625 160 188 92
-0.622364 -0.831394 2.358247 157 189 33
2.904543 -5.789809 0.258991 130 154 116
0.443071 -3.650776 7.027605 121 160 58
-1.770256 1.111936 6.057068 135 173 44
-0.534600 -1.811755 1.133492 159 188 63
2.498346 -5.449324 0.352558 147 165 126
0.995793 -4.593895 7.688020 139 179 51
1.998185 -4.844770 0.405537 129 165 97
-0.235914 0.622042 0.364781 127 170 88
0.004826 -0.846652 0.922012 158 176 124
2.158068 -4.266464 -0.182570 101 159 120
0.450511 -0.819671 3.071559 121 167 13
1.489757 -5.015912 8.518499 146 178 108
2.175736 -5.041011 0.269221 137 165 116
-0.670323 -0.905789 0.296856 121 165 96
1.650297 -4.449017 0.191582 135 170 107
-0.638105 0.534845 0.667205 119 155 79
-1.682859 2.655635 6.244312 144 182 78
2.754995 -5.398937 0.830619 143 178 116
1.038021 -2.919819 -0.937064 132 156 113
0.328064 -2.122440 5.050323 147 181 36
0.246559 -2.924686 5.986860 120 160 49
0.303949 -4.323930 7.776877 125 165 94
0.784590 -2.898341 -0.908099 130 171 90
-2.457777 3.063298 7.122623 133 168 95
-2.631661 2.110451 7.305111 135 162 71
-0.635273 -1.840084 1.447024 154 181 50
1.266555 -4.013107 -0.014528 116 156 90
-0.770350 -0.481862 3.042712 134 170 22
0.144090 -1.125246 0.483069 113 158 98
0.981269 -3.301347 -0.534086 127 169 95
0.814007 -3.936478 7.502612 127 169 55
3.054591 -4.896939 0.450937 135 172 102
-0.692664 0.398045 0.601891 127 157 95
-1.112483 0.892288 4.803986 146 185 58
1.369465 -3.872749 0.107860 135 177 105
3.348006 -5.874205 0.507186 150 181 119
1.668535 -4.475805 -0.212114 140 165 144
-1.837706 2.060687 6.485365 135 183 88
-0.916566 -0.163333 2.438393 140 178 73
1.992043 -4.029763 -0.293223 94 156 114
0.312942 -2.163666 3.763142 127 157 96
-0.174684 -1.243269 2.052076 120 159 29
3.471159 -6.064109 0.334682 175 196 125
2.320944 -5.290518 0.489265 141 166 108
0.488910 -1.045991 2.896705 138 185 25
2.889257 -5.299654 0.459647 119 163 124
0.823240 -2.692796 -0.715952 133 159 95
0.688927 -3.258731 -0.989539 121 157 91
2.607585 -5.619644 0.201533 149 164 104
3.050202 -5.836611 0.502381 147 171 121
-0.022633 -0.114690 0.246485 188 210 250
1.276632 -4.315454 -0.022388 129 163 108
-0.377465 0.336428 3.878968 139 180 24
2.510777 -5.453338 0.760697 149 175 108
3.218208 -4.939952 0.518797 138 171 125
1.359877 -3.455965 -0.877855 125 158 117
0.396478 -2.577667 4.278546 127 164 48
0.499575 -2.487761 4.527633 133 157 116
-0.387664 -1.435003 2.364499 126 173 88
-0.543086 1.117353 1.525482 115 160 78
-0.524296 -0.694500 2.061681 143 182 58
1.915020 -4.487133 0.557355 141 181 115
2.011409 -5.033570 0.247846 133 159 93
-0.237768 -2.108071 0.442135 154 187 52
1.096228 -3.498579 -0.342627 126 168 96
1.886498 -4.482741 0.457528 144 183 119
0.306935 -2.106085 4.499599 145 181 21
-1.055224 2.213476 5.944063 210 217 149
3.061115 -5.288034 0.444351 106 155 114
-1.805825 2.045826 2.922725 132 176 38
1.929918 -4.816452 -0.176958 153 171 151
2.624660 -4.761203 0.068005 101 154 115
0.657026 -1.222522 3.456639 230 254 239
1.272375 -3.301143 -0.005672 130 157 95
-2.726103 2.216106 7.012235 124 162 68
0.313412 -1.061152 1.510873 138 169 78
-1.211822 -0.087649 3.957201 131 171 34
2.547034 -5.787923 0.045017 127 160 124
2.212436 -4.544082 0.434527 129 171 97
-0.200481 -3.289691 6.262139 143 178 43
1.621365 -4.870454 8.587150 172 178 154
0.833342 -3.443288 -0.701929 121 159 88
0.324445 -1.584924 0.748310 131 155 94
0.761578 -2.886698 -1.112496 127 169 94
-0.418719 -1.498455 1.876892 148 184 78
-0.302433 -3.142388 6.242272 145 181 42
2.218757 -5.394509 0.131135 123 158 127
-0.607617 1.096821 1.566863 117 164 81
1.180912 -2.746166 -0.828792 128 158 100
-0.559308 -0.717186 1.850187 141 179 68
0.141963 -3.030031 5.854011 139 175 71
-0.998850 1.632147 6.027195 133 172 87
2.805092 -5.666391 0.430116 131 160 116
1.738633 -5.625661 8.462186 135 162 113
-1.772702 1.893622 6.219999 140 178 76
0.872247 -4.513640 7.718523 126 167 89
0.907931 -3.617866 -0.539542 120 155 87
0.155388 -5.231619 8.024839 130 168 85
-0.930371 -0.713484 1.496219 132 174 105
-1.236007 1.303250 5.230735 154 193 70
-1.825898 1.995380 6.423647 136 182 81
-0.894295 -0.517705 3.766038 163 194 119
1.039542 -3.472409 -0.470892 120 161 94
1.096660 -3.926703 -0.174368 117 154 91
2.123248 -4.264432 0.025079 105 163 126
1.041917 -2.903592 -0.446546 139 158 108
1.010930 -4.893579 7.880192 143 183 56
0.892420 -4.668121 8.587943 127 170 106
1.626334 -3.721364 -0.366563 126 156 105
2.098412 -4.075085 0.107066 136 164 104
-0.320173 -1.745165 3.180276 123 163 86
2.497873 -4.843819 0.970089 140 174 101
0.928606 -3.027874 -0.619342 130 169 84
-0.178599 -2.069399 3.416786 118 157 83
2.810066 -5.146947 0.771891 139 177 99
2.366720 -4.966347 0.706785 139 179 115
1.934764 -6.191418 8.389595 129 170 102
1.840535 -6.075236 8.396660 129 169 99
2.909338 -5.009378 0.362675 107 161 116
0.245315 -1.069565 2.857084 110 158 28
1.658435 -3.725316 -0.226141 124 162 95
-0.662471 -1.229782 2.202410 159 190 80
3.442279 -5.898125 0.570729 144 178 111
-1.479695 2.443815 3.196537 132 172 60
-0.986304 -0.972895 -0.697508 113 155 80
2.874891 -5.662552 0.239773 123 159 126
2.458088 -5.406145 -0.012630 146 166 110
0.644793 -5.253584 7.859114 130 171 91
0.999852 -3.580574 -0.455992 118 157 88
0.471664 -5.029598 8.039069 134 171 97
0.048770 -3.868855 7.471233 132 168 76
1.914417 -4.337386 0.555793 137 174 105
-1.321677 1.400315 2.007181 117 154 74
0.708334 -2.957098 -1.193992 119 160 93
-0.382239 -0.892580 1.452828 132 172 54
-0.795357 -0.945160 -0.105989 109 159 91
-0.772563 1.414294 5.661754 139 187 61
-0.225276 -1.300128 0.254999 138 172 43
0.207866 -0.495360 2.438183 146 186 28
0.557416 -0.657537 3.418419 137 176 21
-0.973799 0.105222 2.813942 149 179 80
-0.107756 0.683735 3.969053 125 173 62
-1.186353 -0.245106 3.653167 148 186 80
-1.702243 1.381328 5.826024 137 176 62
-0.564406 1.521055 5.447857 148 187 55
-1.125913 2.254618 2.737691 113 157 75
-1.207517 -0.230571 2.485266 147 180 113
0.941663 -3.630115 7.576694 133 168 39
-0.277491 -1.648273 1.286348 138 174 42
-0.968193 1.106059 5.035312 148 187 56
-1.073729 1.912132 1.923506 131 173 85
0.294288 -2.067831 4.848119 148 184 26
-2.585851 2.376560 7.008351 121 166 58
-0.402894 -1.931324 3.445330 119 161 80
0.784830 -3.425894 6.476697 108 154 66
-1.427539 1.830282 6.574397 146 185 77
-0.801969 -0.693296 1.042736 126 168 109
-0.098127 -0.989454 2.426197 126 169 89
-2.020476 1.751883 6.304325 122 169 49
-1.170639 2.522548 7.434248 143 185 59
0.337210 -2.021941 4.577860 149 184 22
-0.664352 -0.785244 1.215712 133 160 92
-1.784036 2.781840 2.749185 124 165 101
-1.533066 0.137871 4.429152 155 186 92
0.829003 -0.260733 3.865849 138 180 30
-2.962267 3.045547 7.740225 130 160 91
-1.189556 -0.303430 3.469454 150 183 80
-1.297468 2.347899 2.971773 120 157 90
-0.395430 -1.196219 1.861344 125 161 66
-0.531886 -0.686601 1.448473 129 166 83
-0.946331 -0.273075 1.881023 131 170 87
-1.550917 1.091952 5.713486 127 173 61
0.376162 -0.063151 3.571228 121 177 64
-0.927360 -0.646114 0.828240 126 161 115
-2.006731 2.910642 2.951595 128 170 102
0.608698 -4.866123 8.060160 127 169 100
-1.393718 1.328609 6.193204 154 187 82
1.258948 -4.216258 8.161976 163 191 79
-0.243112 -1.088363 0.179271 136 169 39
-0.092327 -3.125030 6.407674 125 163 62
-0.667184 -1.107350 2.242422 156 188 73
-0.909934 -0.189396 4.013486 137 174 32
0.943509 -3.177743 6.275872 122 156 65
-0.085599 -0.988676 1.698766 124 170 105
-0.945317 1.207846 1.491818 113 154 79
-0.000631 -1.210897 2.430212 121 165 77
0.659163 -3.632127 6.428638 164 190 96
-1.664723 1.230344 5.517444 137 175 39
-0.234595 0.868029 4.801764 135 179 42
0.451781 -1.115216 3.187163 124 176 26
-0.971669 -0.214645 2.459158 137 179 57
1.443817 -4.449061 8.107248 144 181 72
0.156462 0.215832 3.812671 117 172 52
-0.933325 1.870594 2.274715 115 161 83
-0.683186 -1.013114 2.242821 153 185 50
0.673814 -2.445936 5.810987 141 175 45
-0.971224 0.923979 0.876557 123 159 98
-0.123709 -1.676519 2.684794 125 170 55
-0.830484 -1.408097 2.188477 153 182 32
-1.740560 2.271318 6.433597 131 173 71
0.204063 -1.525564 0.635541 124 155 99
-1.103485 0.146472 2.963049 153 179 99
0.611464 -3.333625 6.879739 125 165 47
-0.084832 -0.890324 2.795641 131 177 91
-1.607648 2.542068 6.105226 150 188 80
-1.027648 -0.355221 3.759691 149 188 91
-1.334324 -0.512004 2.247842 148 183 88
-0.246578 -0.093856 4.588143 139 182 38
-0.490234 0.239022 3.623998 139 179 25
-0.369817 -0.852477 2.898821 136 173 73
-0.149164 0.309795 0.043366 123 159 93
-0.465178 -1.557255 2.106683 157 188 87
-0.404827 0.518428 4.675074 142 182 34
0.035330 -0.076949 3.043938 104 164 28
-0.150588 -1.110241 2.831096 124 170 86
-2.142444 1.349468 6.678039 131 165 39
0.263579 -4.286298 7.677736 126 166 85
-0.130317 -1.019888 1.027881 114 161 92
0.005589 -1.017972 1.868350 124 167 96
-1.610995 1.954624 2.435936 118 154 78
-0.513030 -1.041879 1.281847 135 172 29
-0.589136 0.711008 4.469407 143 183 34
-0.714898 -1.289315 2.364537 164 191 54
0.590780 -0.238690 3.676927 138 178 33
-0.318414 -1.471586 0.236818 151 181 38
-1.320121 1.208734 5.707195 132 177 74
0.026094 -1.664920 1.435338 130 162 82
0.220040 -0.632283 3.176840 117 168 62
-0.816363 -0.482231 2.670322 149 185 77
0.037241 -1.643824 1.060737 136 168 99
-1.676108 2.456008 2.845472 118 159 80
-0.134967 -0.504650 1.457501 130 166 71
-0.152413 -2.010885 1.040522 156 179 61
-0.967521 1.306865 5.294313 149 188 52
0.080583 -0.902705 2.219212 121 167 43
-0.883913 -0.798440 -0.319695 126 157 108
-0.403763 -0.926227 1.248788 133 170 43
-0.202418 -0.857851 0.246847 132 163 74
-1.246223 1.239275 1.429382 116 157 71
0.492566 -4.008607 6.958897 157 188 110
0.789825 -2.635115 5.178764 149 182 44
-1.766857 1.712981 6.094127 142 169 94
-1.323410 0.953836 1.214222 121 154 105
-0.865509 -0.652307 3.400769 147 190 79
-1.359936 -0.343691 4.017370 168 192 60
-0.356585 0.307428 4.281516 127 172 42
-1.411977 -0.263607 4.181366 172 196 59
-0.820177 -1.608686 2.097663 157 182 76
-0.798960 0.491498 4.216286 147 185 46
-2.133453 1.213018 6.428549 129 164 41
0.371683 -0.288562 2.915254 157 187 38
0.422889 -1.489271 0.840888 126 157 91
-1.577886 2.335117 3.220991 128 171 47
-1.266816 -0.515331 0.734039 146 176 134
-0.535433 0.303811 0.016155 131 162 98
0.059908 -1.807468 2.114177 139 177 106
0.967123 -2.529825 6.164501 164 183 113
-0.191819 0.142529 -0.155659 128 168 95
0.195352 -1.244331 0.479829 116 159 105
-0.200485 0.426110 0.179631 115 156 92
0.019838 0.152238 3.237932 116 173 52
-1.267414 1.971354 6.742878 151 188 102
-2.584700 1.894925 6.655401 130 169 49
1.191959 -5.292539 8.302258 136 173 84
-0.915247 2.060319 6.097033 148 171 83
-1.047045 1.545998 1.510789 123 156 113
-1.107601 1.916994 3.067071 121 169 49
-1.175630 1.492729 5.491894 142 183 62
0.089357 -1.480263 1.299889 117 159 85
-0.602919 0.865593 0.987887 126 160 105
-0.032827 -1.481283 0.451380 149 181 66
-0.784564 -1.616155 2.166206 154 181 67
-0.415002 0.007133 -0.376601 130 167 84
-0.978472 -0.309701 2.256184 130 175 73
-1.015665 1.865036 6.558119 140 168 83
-0.083524 0.553848 3.871131 122 176 58
-0.093426 -1.741915 2.341835 143 183 114
-0.626060 -0.837375 2.583697 176 201 23
-1.771807 1.598840 5.788899 143 165 102
-0.298182 -1.610082 1.499179 137 172 57
-0.181615 -0.692889 0.844746 134 157 74
-0.772296 1.472688 5.410468 145 187 47
-0.719421 -1.059755 2.438330 166 192 31
-0.415628 -0.638881 2.655044 142 181 75
-0.245975 0.655502 0.385770 111 155 72
-2.187158 2.647840 6.806546 143 163 101
-0.056298 -1.043410 1.226197 120 165 97
-1.391494 1.952815 3.206322 126 173 42
-1.244526 0.066055 3.815214 138 178 29
0.175705 -1.513279 0.760669 131 163 98
-0.182719 0.060855 -0.278340 128 167 92
1.448720 -3.483448 6.886722 141 178 49
-1.877102 2.237382 2.701895 118 154 97
-1.307515 1.303326 5.730636 137 180 79
0.306352 -1.236302 2.004417 123 163 60
-0.398426 -2.911165 5.650830 148 174 79
-0.058780 -0.898581 0.222330 115 157 65
-0.211816 -0.862995 1.299359 128 170 69
0.286608 -2.274184 4.876599 140 178 31
0.597170 -1.715204 3.441662 134 170 78
-1.937684 0.917082 5.688140 135 175 46
0.374500 -1.944825 4.512352 152 184 24
-2.179284 1.942291 6.698379 127 169 52
-0.837856 0.558439 0.612978 135 158 102
-0.492842 -0.611280 2.405817 142 182 69
-0.212366 -2.688647 4.684720 146 180 46
0.204990 -1.703771 3.225532 106 156 94
-0.316485 -1.990896 3.284898 116 160 71
-1.096062 2.497244 1.791290 126 171 73
0.223672 -4.045535 6.977919 139 169 95
-0.934613 1.985382 6.365530 203 218 168
-1.791943 3.223274 7.846404 115 165 96
0.324792 -0.668708 2.968504 134 174 32
0.759110 -2.741437 6.164690 133 169 66
0.010830 -1.893173 3.115819 124 167 54
-0.905383 -0.724495 0.617433 119 160 100
0.477152 -4.064538 7.584880 122 162 62
-0.398193 0.642343 0.511878 134 175 93
0.016871 -0.900090 0.491872 122 162 97
-0.580016 0.983363 4.823343 141 180 37
0.504789 -3.903436 7.420436 122 163 57
-1.072105 1.724078 6.360024 138 170 78
1.283416 -5.323509 8.355897 142 179 79
-2.549503 1.911852 6.846475 124 166 51
-2.140765 2.553378 7.038759 115 160 81
0.432193 -0.122495 3.178188 160 188 40
-0.308353 -1.042766 0.675571 133 169 32
0.010861 0.505498 3.808761 120 174 62
-0.680921 -0.899210 0.400019 132 167 109
-0.112386 -1.436626 0.243095 132 170 46
-0.031318 -0.686338 2.212436 132 175 59
-1.877102 2.237198 6.937054 128 169 79
-0.335799 -0.894736 0.696859 124 162 59
-2.172568 1.095467 6.303206 141 168 50
-2.027488 1.147963 6.266447 139 171 38
-2.351194 2.130154 6.959605 130 171 53
-1.506573 2.550393 7.041906 117 169 86
0.163761 -2.428417 4.628248 130 172 41
-1.097487 1.166945 5.072496 152 189 69
-1.077923 -0.545872 3.050097 130 174 19
-0.943355 1.456191 1.901570 113 157 73
-0.368497 -1.478170 1.037484 142 177 65
0.932062 -4.652212 8.502433 128 170 105
-0.440437 -1.301851 1.058301 151 183 73
-1.556346 1.722932 3.246153 130 177 37
-0.488860 0.173509 -0.129770 127 159 82
-1.116473 2.117940 6.486545 151 192 106
-1.479757 1.901161 6.475942 156 191 86
-1.174885 -0.387460 3.384304 151 185 66
0.029220 -4.024850 7.306874 160 181 100
-0.181712 -0.607773 1.559924 138 176 50
0.397501 -1.957013 5.195857 153 185 69
-1.109165 -0.813332 -0.110396 125 160 110
-1.403582 1.237302 1.832033 118 154 73
-0.563689 -1.881171 1.269798 142 169 49
-1.044291 -1.611508 2.799467 159 190 49
0.755337 -3.290732 6.682439 121 164 58
-0.270279 -0.926106 0.323139 140 169 56
-1.336186 0.940456 0.734693 126 164 113
-0.541017 -0.516587 2.675025 142 185 73
-0.126210 0.415092 3.702490 112 174 43
-1.373222 2.152349 6.799369 148 189 108
0.180043 -1.115326 0.623007 105 155 98
1.225779 -6.243717 8.964242 131 169 104
0.286844 -2.505044 5.078550 131 170 39
-0.349676 0.355072 4.060450 128 173 42
0.407357 -3.349187 6.529653 126 162 61
-1.479936 1.263232 6.206637 149 183 55
-0.075025 -0.037521 3.010634 105 168 23
-0.544262 -1.458665 2.017124 154 186 86
0.141524 -2.512750 4.395833 142 181 65
0.013407 -2.123012 0.863415 160 184 61
-0.948411 -0.218302 1.647961 129 168 110
-0.293223 -0.911284 2.682980 124 166 69
-0.983737 1.708914 2.215440 114 157 73
-1.349017 1.895117 6.484926 151 190 101
-0.108927 -2.791045 3.868535 142 168 114
-0.667399 -0.758803 1.092941 138 166 102
-0.314014 -1.626983 1.037007 141 176 65
-1.385536 1.605337 3.074509 132 180 43
-0.255157 -0.165782 2.482326 115 168 58
-0.151977 0.999609 4.621702 143 183 42
0.064232 -0.241754 3.053396 105 169 14
-0.764115 -0.947246 0.080528 108 161 93
-1.827076 2.523410 7.130055 120 170 70
-2.360038 1.554746 6.620636 129 165 41
-1.172216 2.652987 7.443209 143 184 62
-0.181179 -0.880532 1.467340 123 169 92
0.017119 -0.408437 4.107911 122 171 43
1.240316 -4.434144 8.019832 142 180 51
-0.088840 -2.949476 4.625479 150 184 37
-0.105704 -1.235640 3.022856 132 174 80
0.742257 -4.487797 7.852476 122 164 73
0.300919 -2.049002 4.656375 146 182 24
0.553009 -2.917061 6.068841 126 169 51
-1.117755 -0.715038 1.844226 134 176 93
-1.846918 2.136821 6.874095 126 170 73
0.022399 -1.670903 1.660786 127 165 96
0.480497 -4.016284 7.423798 125 163 65
-1.359073 1.964842 6.685565 151 189 106
0.916694 -3.088016 6.911523 133 168 48
-0.549119 -0.384710 0.751106 134 165 120
1.071313 -2.953900 6.415624 147 170 88
1.025026 -5.461144 8.642760 126 169 100
-0.371044 -1.902963 3.227386 119 163 73
1.143987 -3.389700 6.086553 139 179 60
-0.001715 -0.726038 1.320253 146 180 27
-1.928205 1.046083 5.856410 135 175 44
-1.585660 1.160779 5.864144 129 175 58
-1.128130 2.502766 1.978202 130 174 76
-0.250791 0.593412 0.284568 126 164 91
-0.744371 -0.673697 2.899267 163 191 22
-0.097726 -4.205647 7.969625 129 169 83
0.076729 -1.456084 2.027061 106 154 85
0.001618 -0.378738 2.707473 109 164 56
0.180449 -1.499382 2.887909 106 157 86
-1.693051 2.322871 6.572063 146 188 81
0.572469 -0.835785 3.234874 139 189 25
0.063156 0.018985 0.044808 188 209 245
-0.601892 0.197853 4.293100 136 176 40
-0.458420 1.838800 5.956795 171 182 106
-0.595406 -0.194974 4.067618 142 183 29
-0.046796 -1.734533 0.373506 151 182 30
0.210954 -0.684633 2.682058 144 186 29
0.262700 -3.161913 6.458565 117 156 56
0.720092 -5.602338 7.897147 132 167 72
-0.802693 1.787269 2.212935 109 156 79
-1.719919 1.960975 2.465945 120 154 90
-1.006778 -0.456406 3.091955 147 184 77
-2.213190 3.046774 7.305807 126 170 71
-1.142875 1.401600 5.428606 145 187 57
1.091844 -4.888077 8.163515 126 169 69
1.016327 -3.258972 5.857407 141 179 54
-1.183525 2.234171 2.129209 131 175 77
-0.305515 -1.079733 0.498402 136 171 38
-0.582836 0.886430 4.704438 141 180 37
0.225578 -3.680097 7.313099 119 160 81
-1.558874 2.552788 2.905685 123 160 85
0.482402 -2.811620 5.391948 147 181 42
0.543853 -0.171109 3.526898 147 184 38
-0.594273 -0.857060 0.862487 125 160 97
-0.776219 1.949792 2.362293 113 159 90
-0.675262 -1.064181 2.130143 152 184 52
-0.383075 -0.665122 2.874101 134 175 55
0.323439 0.042350 3.602024 125 178 66
0.191443 -0.901636 2.669074 124 170 20
-0.341098 -1.161173 2.009620 121 161 44
0.268802 0.471063 0.055876 224 242 235
-0.481088 -2.896700 5.580224 139 165 56
0.195163 -0.534727 1.505406 149 183 67
0.962874 -3.282632 6.848166 126 162 50
-0.803399 1.571918 2.041412 115 159 78
-0.698906 0.276716 3.899220 144 180 34
-0.169447 -1.609259 1.262750 130 165 66
-0.026836 -1.629665 2.442158 121 168 93
-0.391551 -1.486686 1.293310 139 176 59
-2.191099 1.775254 6.642402 128 168 44
-1.048867 2.604902 1.990558 121 167 67
-0.668973 -0.118835 3.950534 140 180 25
-2.297621 1.012315 6.234471 138 160 59
-1.416755 2.339871 6.065756 148 186 81
-0.990486 1.333710 1.876358 119 157 72
0.270530 0.198266 4.211984 122 177 58
-0.935119 -0.376923 2.176360 118 159 73
-2.196033 1.302316 6.770694 144 169 44
-1.425976 -0.847723 2.784002 131 173 28
0.020614 -1.041608 1.458083 123 166 98
-0.970213 1.274307 1.624579 112 155 73
-0.140198 -3.434772 6.865352 134 171 48
-1.038415 2.339468 2.862040 107 154 79
-1.435604 1.874390 3.096487 130 176 44
0.495320 -3.106073 4.145940 137 174 37
-1.102943 0.712812 0.358509 129 161 107
0.068900 -1.085633 1.650367 128 166 94
0.155976 -2.505452 4.292181 140 178 66
1.159123 -4.381460 7.783839 137 177 58
-1.216668 -0.331065 2.957732 133 177 34
-2.011993 1.971894 6.414757 130 172 58
-0.518259 -1.439567 1.844125 153 185 83
-1.592859 2.596730 2.611546 120 163 94
-2.262734 1.903663 6.749638 127 167 53
0.949986 -3.571280 7.895861 143 169 56
-0.596821 -0.865306 2.022183 145 180 26
-1.101957 1.661451 2.230482 115 155 67
0.228805 -1.270246 1.704735 108 154 73
0.230316 -1.284223 0.896597 115 158 101
-1.590484 2.506317 6.216626 149 186 82
-0.003426 -1.471098 0.264537 139 173 79
-2.300857 1.425080 6.880928 137 164 53
-0.112175 -0.287511 1.570794 190 214 204
-0.647379 0.787596 0.972194 122 160 99
-0.177534 -1.416239 0.449813 148 180 56
-1.092381 -0.194375 2.720228 142 175 95
-0.395192 -1.873477 0.480781 153 185 56
-0.501277 -0.110667 4.289299 140 181 33
-0.740033 0.712999 4.490015 143 183 39
-0.922006 -0.257002 1.437360 144 176 123
0.156620 -0.495372 3.165619 112 167 42
-0.402470 0.786739 4.428729 147 188 38
-0.909527 0.640160 4.485304 147 184 54
-0.783654 -0.581460 1.387728 124 163 107
1.029669 -2.620720 6.200879 154 172 104
-0.439859 -1.048266 1.040170 136 173 26
0.038652 -3.190969 6.417278 135 170 87
0.063304 -0.333325 2.783372 107 163 39
-1.154040 -0.298160 3.251922 143 172 82
-0.138574 -0.416488 3.927378 138 182 27
-0.337340 -0.882323 1.036490 128 166 58
-0.846956 0.999663 1.171662 124 169 66
-0.991098 -1.348964 2.600981 149 179 76
-0.496277 -0.603821 2.590177 145 184 86
0.077905 -2.026061 2.421840 174 200 158
-0.784708 1.702741 2.079270 111 155 82
-0.836322 -0.083650 4.196804 139 179 31
0.498971 -3.776388 7.017206 122 159 57
-0.186773 -0.322908 0.687761 191 214 247
-1.560466 2.157933 2.940775 131 176 41
-0.950492 -0.251108 3.076587 135 175 50
-0.540847 -0.507828 2.415760 146 185 63
-2.020317 1.987815 6.659131 130 172 61
-0.796118 2.297442 2.728572 110 156 90
-1.171950 1.318291 1.708412 117 157 75
-0.279175 -1.103828 0.305379 135 169 34
-0.204706 -1.704070 2.821821 128 171 52
-1.522251 1.922121 2.919485 133 178 42
-1.337898 0.944183 0.826872 121 161 102
0.441122 -1.291560 2.770583 108 157 73
-1.329473 0.109300 2.676505 141 168 98
-0.093646 0.044833 2.936367 103 164 29
1.084479 -5.833650 8.448527 132 169 105
-0.631793 -1.053790 1.833619 145 180 41
-2.221727 2.258005 6.936566 127 171 52
1.092161 -4.872290 8.613431 136 174 92
0.697345 -4.139268 8.047050 133 172 55
0.699592 -1.778724 3.295201 137 177 47
0.502577 -2.276628 5.445775 144 177 42
0.476272 -4.917844 7.849909 134 173 100
-1.576187 2.086633 2.492819 118 156 85
-0.175558 -0.801653 2.220275 135 177 92
0.580309 -0.585366 3.947566 133 170 21
-2.748150 3.684234 7.734892 125 162 93
-0.960661 1.682562 6.060108 135 167 94
1.062904 -3.017229 6.463083 135 165 75
0.221481 -0.829651 3.531769 101 158 24
-1.452876 2.174264 3.401674 131 175 59
-1.328185 1.792164 2.883293 124 172 44
-2.542552 2.576108 7.067163 131 169 64
-1.968472 2.497237 7.085533 122 170 72
-0.671080 0.853899 5.208725 163 184 130
-0.043218 -2.633198 4.618038 136 175 46
-0.162801 -0.825410 0.629689 140 170 88
0.965395 -3.156133 6.212327 123 157 68
-1.003396 1.717935 5.878338 126 175 65
-0.041960 0.666182 3.989007 121 170 64
-2.370498 1.519044 6.875831 136 165 53
0.385640 -0.665463 3.256353 129 171 24
-1.110121 1.970316 2.862123 120 168 47
0.526824 -1.836208 3.699810 118 159 62
-1.000105 -0.588310 1.611507 133 172 103
-1.194409 -0.110739 3.863843 133 173 36
-0.348570 -1.986098 1.896421 139 161 124
0.410539 -0.492287 3.044962 140 182 36
-0.290087 -2.281780 3.306164 124 157 92
0.014079 0.667274 3.895390 123 173 71
-1.082310 2.019875 5.474560 227 233 169
0.165010 -2.590320 4.926547 129 168 46
-1.161478 1.365139 5.662519 135 174 90
-0.788598 -1.009775 -0.187727 118 161 90
-0.955022 0.779825 0.876682 119 154 82
1.232705 -4.861729 8.109877 131 172 83
-1.156501 1.495748 2.052948 116 156 68
-2.111712 1.946647 6.469867 133 175 54
-0.570877 0.319169 0.172563 126 160 83
-1.072198 -1.336840 2.730770 139 166 86
-0.149016 -1.750302 2.091086 122 160 80
0.066515 -1.070971 2.259094 108 154 45
-1.414206 0.163635 1.005703 145 181 112
-0.664577 1.900245 6.076629 128 178 59
-0.356756 0.298919 0.010662 131 168 90
0.751078 -4.403934 8.178149 126 171 56
-1.768699 2.294814 3.203198 131 175 37
0.289132 -0.888749 3.025175 115 161 14
-1.602050 2.314303 7.044928 120 171 85
-0.237458 -1.612878 1.473389 123 163 67
-0.625099 0.199575 4.413797 139 179 40
-1.087289 1.679651 5.829893 126 176 66
-0.926218 -0.468839 1.337722 138 170 109
0.665178 -1.351877 3.106087 192 214 226
-1.048353 0.761114 4.700852 145 184 55
-0.381138 -1.046970 0.832080 134 170 30
-0.221985 -2.093637 3.236743 117 157 80
-0.626793 0.623860 4.409370 142 182 33
-0.199036 -1.119347 3.040071 135 182 65
-0.476717 -0.339669 3.444909 144 186 26
0.099640 -0.364137 3.892141 125 169 14
0.632190 -5.707776 8.458454 135 171 93
-1.008438 1.509559 5.446263 145 188 51
-0.154816 -1.502655 2.702716 127 174 74
-0.121440 -0.993051 1.292784 122 167 99
-1.097949 -1.193356 3.202068 116 157 77
-1.447283 1.197093 5.437229 154 194 70
0.263611 -1.288088 2.462273 116 158 50
-0.731339 1.330025 1.689844 118 156 89
-0.412107 0.751651 4.348119 148 188 39
-0.156653 -1.295492 2.622214 125 170 84
2.191370 -5.378905 8.414440 142 178 75
0.045600 -1.762620 0.304274 134 160 41
-0.384333 -0.668401 2.205895 136 180 88
-0.952662 2.156808 2.600692 113 155 83
-0.814104 1.393043 5.368983 147 189 48
-0.986876 1.964557 2.396075 113 159 81
0.604400 -5.262082 7.724667 135 174 89
-1.232011 2.133559 3.137097 122 167 51
-0.040355 0.207629 -0.087896 121 157 102
1.393211 -5.247414 8.468143 145 181 91
-0.563975 -1.910595 3.189943 128 167 81
0.256588 -1.880851 2.005534 144 174 117
0.345110 -1.939365 4.647880 152 185 27
0.372519 -2.044445 5.066017 148 181 44
-0.869031 -0.649552 2.603117 152 185 71
0.052650 -3.745980 6.913062 124 159 27
0.733297 -1.702043 3.189103 137 178 48
0.051251 -2.737286 5.238253 137 174 62
-2.032733 1.243514 6.388638 138 170 40
-0.120285 0.458272 3.629892 118 179 55
0.018267 -1.519291 3.168415 109 159 96
-0.315554 0.932389 0.900418 122 158 116
-0.995139 -0.518327 1.937671 144 181 96
-1.687453 2.604441 2.722115 123 166 95
-0.938818 -0.622917 3.233016 148 189 79
-1.145233 0.923662 0.912379 120 161 97
-0.151058 -0.684469 2.171836 120 168 76
-1.437927 2.386731 7.278581 113 161 88
-0.711013 -0.794130 1.444985 129 163 95
0.254916 -3.283524 6.767460 121 158 49
-0.332954 0.057407 -0.285499 135 175 92
-1.236632 0.283213 0.702304 131 164 93
0.352067 -2.263797 5.049730 142 179 35
-0.662833 1.688254 2.061846 111 154 85
-1.776275 2.453145 3.672730 132 175 40
1.702399 -4.481218 8.381431 153 177 121
0.018359 -1.469545 1.822648 111 156 81
-0.047681 -1.868802 2.922262 130 175 38
-0.181633 -4.199773 7.900244 135 174 84
0.211262 -1.163540 0.774217 108 155 98
0.152813 -1.465635 1.082710 122 160 100
-0.407669 -1.362535 2.140425 141 182 96
0.966112 -3.119738 5.447193 138 177 43
0.011894 -3.098047 6.295882 130 169 58
-1.204562 1.536131 1.688483 125 154 111
-0.003593 -2.678298 5.065141 136 172 56
1.327019 -3.130704 6.384725 134 171 67
-0.336855 -0.138822 4.299932 138 181 35
-1.172022 1.374350 5.840667 129 175 83
0.233911 -4.108572 7.634597 123 163 87
-1.640577 2.264774 3.642324 130 172 47
0.698859 -4.992028 8.628985 123 164 101
-1.222751 -0.277563 4.062514 144 181 57
-0.184426 -0.864114 1.624309 126 171 96
-1.498320 1.327488 5.904080 137 176 60
0.703215 -1.117503 3.403687 226 249 222
0.213311 -0.084710 3.617988 116 173 44
-0.260279 -1.142580 1.899985 118 158 34
0.107506 0.271358 3.304901 126 179 69
0.342338 -1.224782 1.765831 106 155 75
-0.510827 -0.616664 2.959877 130 175 36
-1.161368 0.472228 0.714080 131 166 94
-0.668411 0.269195 3.925836 144 182 34
-1.919361 2.809371 3.313247 134 177 40
0.313867 -1.128127 1.736612 111 160 85
-0.173629 -3.138151 6.244495 135 172 50
-1.094237 -0.287610 1.759790 135 163 100
-1.552513 -0.078893 2.091255 135 160 101
-1.234495 2.548025 2.989628 122 159 99
1.068358 -4.990324 8.473589 128 172 92
0.076549 -1.644832 2.189381 112 157 85
-1.386630 2.089353 3.212605 128 173 54
0.028422 -3.465776 6.841706 128 165 59
-1.756779 2.688555 7.468127 113 163 84
1.041276 -3.439562 7.088454 134 170 47
-0.643432 1.794823 5.799695 144 176 87
-0.184463 -2.903684 5.595033 137 173 66
-1.750809 2.355377 2.798593 116 155 92
0.476818 -0.611282 3.416850 131 172 22
-1.157055 1.947236 2.262954 112 158 77
-0.164253 -1.287983 1.927177 129 167 54
-0.398530 0.140038 -0.155797 130 166 86
-0.531547 1.038200 4.744306 143 182 37
-0.763389 -0.671209 0.841314 123 164 107
-0.758214 1.746296 6.066098 137 171 87
-0.044066 -0.338565 1.790383 143 181 70
-0.960848 -1.430930 2.353676 156 182 80
0.063500 -1.716789 3.227931 106 154 96
0.101113 -0.877170 2.425812 126 169 26
-0.529203 -1.300692 2.089110 146 180 85
-0.286250 -1.729282 2.031363 125 161 102
1.623062 -5.504211 8.450619 135 176 111
0.265943 -1.722087 1.659274 126 163 71
-0.177637 -0.762625 1.868131 140 179 88
-1.938771 3.151646 7.771481 119 163 84
0.097394 -2.274754 4.008426 134 174 42
-0.728404 1.971665 5.902474 131 180 61
-1.207843 2.270077 2.390124 118 163 65
-1.119170 -0.822054 -0.012234 123 159 105
-1.013132 -0.464270 1.631779 139 175 105
-0.237567 -2.787165 5.086971 143 179 39
0.163752 -3.552578 7.330820 144 162 59
0.849149 -0.371008 3.655550 150 185 28
-1.489619 -0.751710 2.884069 135 174 26
-2.133520 2.791763 7.236053 123 168 75
-0.627318 -0.541077 3.337615 130 174 20
-1.196403 1.137176 5.712390 146 187 50
0.178629 -0.647190 2.428761 150 192 33
-1.707138 2.064261 2.525081 117 155 81
-0.081816 -1.697311 0.587614 155 188 47
0.628507 -2.296936 5.578093 145 177 47
2.297447 -5.333696 8.409702 144 181 69
0.033072 0.393896 3.647735 119 174 57
1.392821 -3.117913 6.699314 155 162 114
-0.063419 -3.469234 6.633890 145 172 78
-0.187216 -1.843254 0.994046 152 179 50
-1.371200 -0.370569 4.015244 169 193 57
-1.174427 2.062589 2.426921 116 161 80
-1.594888 2.090073 6.683552 137 181 68
-0.440184 1.137861 1.502538 116 157 77
-1.568398 2.747763 7.507851 110 162 88
-0.332696 -0.873448 0.476412 132 162 69
1.026779 -3.215667 7.128238 143 170 61
1.320920 -5.415123 8.599090 143 181 101
-0.585352 -1.055654 1.637218 144 178 36
-0.512524 -1.600920 2.193172 159 191 91
-1.005982 1.273319 5.131470 148 188 57
0.047457 -0.411013 3.849514 125 166 12
-0.137316 -0.353146 1.491878 161 189 155
-0.525510 -1.264991 1.433690 149 182 73
-0.561716 1.499066 1.877640 117 154 94
-0.869062 1.146603 5.161668 147 189 50
-1.932080 1.900089 6.280603 122 168 55
0.370538 -1.964242 4.778891 151 186 28
-0.696233 0.308356 3.968791 147 184 36
-2.151391 1.030256 6.196819 134 162 59
-0.511962 0.225300 3.912501 139 178 30
-0.651213 -0.124540 3.928566 141 181 25
0.496773 -1.010343 3.120682 127 178 22
0.577068 -1.826883 3.511132 120 163 61
-1.044151 0.792376 4.771752 146 185 57
-0.359378 -1.810784 1.690886 133 160 121
-0.614557 -1.292886 1.851045 153 185 77
-0.784769 -1.087029 1.045465 142 169 109
-0.251097 -0.680942 1.485002 141 176 37
-1.185969 2.111366 2.587681 114 159 82
-0.828145 2.035519 6.079382 157 173 87
-0.610053 1.225682 5.199329 145 186 46
-0.679096 0.810535 0.524633 135 170 109
0.337870 -1.808856 2.140798 127 166 48
-0.532319 -1.067908 1.452624 137 173 34
-1.919664 0.816364 5.633075 137 178 48
-0.202564 -0.865217 2.411576 140 179 79
-1.498846 0.222494 4.552065 158 189 90
-1.399175 1.638363 3.054898 132 179 44
0.106031 -0.432173 2.862506 108 164 44
0.414535 -1.250151 3.028231 122 163 63
-0.670139 -0.896388 2.260868 151 183 34
0.196454 -1.428802 2.469720 123 168 52
0.445690 -2.680114 5.649516 126 168 43
-0.156242 -0.405900 0.696192 139 155 177
-0.164691 -0.650841 2.847847 131 173 56
-0.168379 -0.476763 0.288834 137 156 161
0.110558 -1.193284 1.683654 122 163 82
-0.232739 -2.094951 3.114946 119 157 85
0.416463 -2.052201 5.191799 148 180 48
-0.131611 -1.055045 2.000210 129 171 72
-0.722780 2.089705 6.182023 117 170 58
0.916285 -3.108506 5.479603 142 181 46
0.314982 -2.420492 4.134010 128 162 69
-1.860374 1.819782 6.264908 130 172 58
-1.384935 2.174598 6.065658 144 183 74
-0.674998 -1.859748 1.637438 165 191 39
-0.369337 -0.813202 1.612803 134 174 69
-0.296659 -1.173837 1.576179 121 158 69
-2.121709 2.073151 6.725130 131 172 56
-1.069810 1.839669 2.021125 122 166 78
0.480577 -2.903346 6.170564 128 169 46
0.065817 -1.465291 1.680309 113 158 100
0.350681 -1.299469 2.047220 118 160 58
0.066019 -3.493079 7.400187 184 196 121
0.758139 -0.273372 4.010341 134 178 30
-0.466022 1.276468 5.226982 152 188 57
-0.234533 -1.465887 2.269472 122 167 86
0.445823 -0.336096 3.169059 152 184 37
0.614516 -3.360066 7.002513 126 165 49
-2.358075 3.401937 8.174072 220 214 186
-0.955083 0.237355 -0.079068 132 154 119
0.186221 -1.613811 3.082999 106 157 92
0.217770 -2.094853 2.420464 137 157 138
-0.093615 -1.751316 0.377823 150 179 32
-1.838628 0.935646 5.692834 137 178 47
-0.167731 -3.620578 7.319901 137 165 69
-1.148758 -0.332233 3.882663 149 186 85
0.448118 -0.670144 3.049699 128 173 20
-0.683564 -1.032101 2.549953 173 196 20
-1.743137 2.321439 6.985693 119 170 81
-1.080952 -0.518593 1.679270 139 178 97
0.864282 -5.543658 8.149758 132 168 103
-0.380921 0.702020 0.642696 119 158 82
0.649526 -3.127872 6.649104 127 166 48
-1.616403 2.131980 6.853794 144 179 81
-0.275156 -1.351032 2.660557 132 171 96
-0.366550 0.525593 0.208564 134 166 96
-1.737528 1.285012 5.646040 135 176 40
-2.040432 1.215753 6.389617 138 170 39
-0.625224 -0.705550 1.661515 133 172 73
1.070781 -4.149429 7.727756 125 168 61
0.295774 -1.228969 2.977111 112 155 42
-0.775139 -0.662704 1.837965 137 164 96
-1.116910 1.988424 2.473794 112 155 80
-0.512524 -0.702005 2.224396 146 185 47
-1.485421 2.245858 6.022613 149 186 88
-0.344163 -2.663780 3.928845 119 154 94
0.497340 -1.341416 2.223977 121 168 87
1.666655 -4.840450 8.521449 174 187 152
-1.226070 2.252601 2.316902 123 168 72
0.270259 -2.871568 5.840975 123 162 48
-0.178954 -1.412928 1.875261 127 165 61
-0.542836 0.291092 -0.402478 138 161 108
0.183691 -1.111783 2.024133 114 158 55
0.545249 -3.786485 7.095068 122 161 54
0.480773 -5.051048 8.407452 130 171 106
1.442564 -3.972939 8.020384 170 181 120
0.339035 -1.750396 2.958458 131 170 59
-0.093677 -1.874329 0.283673 161 185 52
-0.153011 -2.760241 5.242894 134 170 49
1.759270 -5.007550 8.330940 146 175 101
-0.714566 -0.972695 -0.250929 126 164 96
-0.621357 -0.852553 2.190619 148 182 30
-0.453354 -1.322367 1.223340 152 184 70
-0.391995 -1.517894 1.465548 136 174 60
0.176114 -2.931168 4.683729 223 251 229
0.856061 -3.619603 7.908084 137 169 44
-0.021940 -0.439556 2.070842 136 176 55
1.442109 -3.051529 6.353250 142 173 71
-0.006814 -0.515039 1.662149 145 180 71
-0.555448 1.454742 5.335252 146 188 50
-1.439645 1.940935 2.830150 131 179 37
-0.151260 -2.492640 3.511011 132 165 77
-2.394751 2.276992 6.961863 128 169 52
-2.096433 1.726158 6.419746 129 172 42
-0.163348 -1.482318 0.667511 122 161 54
-0.496376 -1.268244 1.287933 148 181 64
0.402657 -0.259378 3.095315 154 185 40
0.431061 -3.325789 6.813743 121 160 49
-0.564811 0.803877 4.627014 142 182 36
-1.658971 2.328633 6.579222 145 187 76
-0.141300 -1.032795 0.858492 119 162 88
-0.742462 -1.476691 2.491749 137 165 96
-0.518404 -0.458210 0.605971 137 168 114
-1.272531 -0.263822 3.575727 150 183 82
-0.924618 1.409451 5.388794 146 189 49
0.057626 -2.911048 5.594197 141 175 69
-2.369893 1.684312 6.899567 135 169 42
-1.197456 1.593751 2.246464 116 154 65
-0.311836 -0.678419 1.926811 144 179 80
-0.017973 -0.824216 0.954472 153 171 121
-0.476533 -0.689725 2.855339 130 173 39
0.039593 0.452259 3.656761 119 173 60
-0.313274 -1.380070 0.689874 148 180 60
0.325764 -3.406500 6.384027 126 163 66
-0.058059 -1.581396 1.232154 129 163 102
-0.328802 -1.112137 3.071909 136 177 57
1.192381 -5.945536 8.670721 124 161 98
-1.683209 2.458145 6.242381 146 185 79
-0.864031 -0.398053 -0.407608 134 162 85
-1.954621 2.114940 6.679240 131 174 69
-2.452587 2.245459 6.885470 128 169 47
-0.847713 1.141332 5.180301 147 189 51
-0.191681 -1.738170 1.675295 136 174 92
-0.073115 -0.361055 1.772732 142 180 72
-0.216047 -1.794777 1.575757 124 156 101
2.128370 -5.804937 8.143275 139 178 111
-0.386167 -1.180089 1.543227 127 165 80
-1.027646 -1.373963 2.877274 157 188 38
0.105430 -1.091343 0.291751 110 155 97
-1.096502 -0.401509 3.602593 149 188 76
-0.759872 -1.812645 2.728789 119 160 83
-0.830423 2.370503 2.833113 109 154 89
-0.054127 -2.642405 4.271288 123 157 103
0.043969 -0.856120 2.657731 135 178 63
0.428610 -0.122935 3.137586 160 189 39
0.067675 -1.551790 1.363951 125 163 87
0.107352 -1.354560 2.176708 117 159 67
0.154622 -1.944122 2.802917 123 163 79
-0.801527 0.946898 0.881789 130 166 112
-1.449405 2.708345 7.538694 105 159 87
-1.628476 2.333949 6.545788 145 186 74
-0.676458 -0.674776 1.706624 140 173 85
-2.004293 2.134091 6.407210 133 175 79
-0.210858 0.443599 3.985861 114 172 36
0.241072 -1.282904 1.018390 118 162 103
0.545290 -0.728400 3.011059 124 171 15
-1.389554 1.223084 5.779666 133 176 68
1.754542 -5.005503 8.351794 146 176 100
-0.212979 -1.820369 0.450483 145 174 56
1.417333 -4.252818 8.230227 171 189 119
-0.357374 0.627645 0.416365 133 176 89
-0.857426 -0.245924 1.411082 149 178 132
1.230404 -3.074753 6.644988 163 175 117
-0.202182 -0.917788 1.094503 118 165 90
1.034177 -3.083319 6.696504 138 167 68
-0.810203 1.049908 1.188336 127 166 84
0.268552 -2.148228 4.063562 136 179 30
-0.489074 -0.781078 1.016058 127 161 81
0.203874 -1.175503 1.225112 118 159 67
-0.330518 -0.539318 2.329330 109 163 43
-0.026490 -1.792052 2.295548 135 178 92
0.071637 -1.712191 1.938205 133 167 97
0.323254 -3.443092 6.599470 126 163 64
-2.478778 1.827486 6.708152 135 172 44
0.109709 -1.415770 2.156703 116 160 62
-0.130685 -2.236991 3.284788 133 169 56
-1.038021 1.100827 0.839627 121 156 91
-1.204312 1.009448 1.182651 121 156 107
0.004195 -3.035890 5.876468 143 178 71
0.029000 -0.979362 2.015900 121 166 73
0.345513 -1.784297 2.896872 129 169 56
-0.028821 -1.010051 0.691460 119 162 88
0.124832 -1.194726 2.603096 111 154 31
-0.949769 2.122473 2.498508 117 160 82
-2.946875 2.980673 7.719107 131 160 92
-0.813726 -0.745174 0.328243 123 162 100
1.054388 -4.506273 7.663489 140 181 48
-0.865381 0.612461 4.471476 146 183 50
-0.290255 -3.009454 5.864668 148 184 54
0.173123 -1.642970 2.153559 121 157 100
-1.788095 2.398074 3.715290 133 177 40
-0.567104 -0.030452 -0.376410 128 155 91
0.094520 -0.741094 2.498584 149 190 34
0.203210 -1.208775 2.821387 105 155 19
0.325580 -1.887613 1.508486 122 155 49
-0.146601 -2.707754 4.024411 134 168 92
-0.527463 0.704556 0.410093 120 159 90
-1.822236 1.220472 5.695136 126 172 69
0.085277 -1.565389 1.117031 130 165 95
-1.237573 2.213318 2.809373 108 154 75
-1.739108 2.164418 2.567741 117 157 83
-1.676982 2.052007 6.655405 126 168 57
-0.978886 -1.319064 2.272228 150 173 58
-2.069522 1.731041 6.345712 126 171 45
-0.229692 -0.683012 0.746585 138 158 93
-0.132349 -2.081044 2.814385 127 164 94
0.202949 -1.491855 2.006073 116 159 91
0.572636 -0.971069 3.134022 132 180 31
-1.549781 2.335872 2.978831 128 160 68
-1.202359 2.186120 2.315524 123 168 73
-1.043839 2.246553 2.730530 110 155 84
-0.823884 -0.536777 2.761595 151 191 80
-0.085753 -0.996570 1.473806 122 166 103
1.081899 -5.465136 7.846188 141 174 110
0.005769 -0.709372 1.851368 123 166 92
0.087578 -1.180340 1.869681 126 167 83
-1.299167 0.914230 1.130673 124 156 102
-1.239557 2.293332 6.757400 152 191 107
-0.468916 -1.925235 3.522702 120 156 89
0.612129 -5.817478 8.584167 145 161 109
0.205604 -2.227314 4.083612 135 175 35
0.330232 -2.732516 5.588665 124 165 41
0.003606 -2.526128 4.628096 138 176 46
1.048675 -3.882430 6.922081 126 160 51
0.376732 -2.851406 5.694959 124 163 47
-0.010413 -3.620735 7.421951 129 168 72
-0.486998 -2.834327 5.181110 150 179 69
0.685210 -2.651899 5.293890 149 183 42
0.478621 -2.222741 4.240187 129 160 101
-0.382741 -2.985564 5.531583 153 182 27
0.485845 -3.447603 6.902289 122 162 50
-0.114869 -2.685315 3.637748 132 172 60
0.019067 -3.097172 6.377077 128 167 85
0.826292 -2.914174 6.462402 126 164 56
-0.294683 -3.304073 6.018274 144 178 38
1.006556 -3.842916 7.003801 123 159 48
0.249044 -3.075264 6.262424 119 159 52
-1.847082 2.848020 7.521141 119 167 89
-0.119052 -2.239356 3.478835 128 164 70
1.257263 -3.312344 6.413302 144 177 60
0.936292 -3.540608 7.385247 129 170 41
-0.116051 -3.239123 6.380308 139 173 58
0.236372 -3.676654 6.930193 144 179 88
0.439477 -2.250915 5.254143 143 179 41
0.828044 -2.421500 5.878946 152 178 69
0.093235 -3.502881 7.336512 152 167 78
0.585852 -3.465869 7.050029 123 164 50
0.282288 -3.884991 7.323941 126 164 73
-0.184870 -2.333318 3.642323 129 167 67
-0.187835 -2.848500 5.436172 140 174 57
0.612403 -2.675205 5.870031 127 168 47
-0.293857 -2.111796 0.460766 153 184 56
0.412255 -2.563117 4.249719 126 164 48
0.787757 -2.649338 6.031588 134 170 49
0.208659 -3.236355 6.468231 127 163 71
-0.249150 -2.500724 3.925519 134 172 75
1.056284 -4.087147 7.004092 137 175 58
0.537769 -4.881891 7.373519 144 181 89
1.319156 -3.256262 6.581141 151 178 71
-0.046080 -3.676094 7.268840 135 167 66
0.632775 -2.904279 6.250668 129 169 50
0.695275 -4.273309 8.048678 125 167 72
0.901112 -3.511812 7.500572 133 167 41
1.174462 -5.003712 8.080746 123 165 99
-2.579952 1.774067 6.942721 138 169 44
-0.470240 -2.171406 3.320875 122 161 80
0.639173 -3.198798 6.678062 125 165 50
0.954785 -2.610714 6.036885 137 169 54
0.639983 -3.050342 6.481341 125 167 50
-0.138906 -2.590512 4.227063 117 156 92
1.454612 -5.209871 8.682257 157 187 120
-0.309046 -3.414958 5.816141 143 181 32
0.834546 -2.843632 6.264840 133 167 70
-0.190766 -2.681273 4.851526 141 177 42
0.828375 -3.393755 6.881700 124 164 54
0.251900 -2.266566 3.759413 131 159 104
0.056212 -2.847341 5.409499 140 175 68
0.031863 -3.352684 6.869737 133 169 67
0.796965 -3.040388 6.471467 122 163 54
0.395111 -4.247405 7.633554 126 165 82
0.795424 -4.646078 7.813686 122 163 101
0.184378 -2.605300 5.078448 128 166 46
-0.422898 -2.038257 3.438020 124 163 78
-2.459474 1.899223 7.196712 136 170 53
0.124049 -2.852396 4.810233 182 212 166
0.221451 -2.269536 4.283855 135 175 42
0.310393 -4.494244 7.665618 136 173 93
0.054901 -3.452764 6.971080 133 170 69
0.214311 -2.493589 4.875119 129 170 38
0.366339 -2.475220 5.248526 134 174 38
0.385691 -2.910251 6.076719 123 164 45
0.091085 -2.412217 4.303723 139 177 53
0.254032 -2.848583 5.658024 126 164 50
0.275889 -4.026922 7.280004 134 168 78
0.405094 -4.781470 7.479626 147 183 96
0.613991 -2.727163 5.993209 127 169 45
-0.177470 -3.031367 5.848129 141 178 52
0.461089 -2.265382 4.590009 128 170 93
0.106659 -3.666811 7.037019 139 174 85
0.636948 -3.670372 7.290316 126 167 48
-0.199165 -4.079700 7.833274 137 173 80
0.220508 -3.275634 6.296430 134 170 74
-0.039189 -4.408601 7.767165 133 172 81
0.213128 -3.886630 7.016350 148 177 80
0.487622 -2.189576 4.402712 127 164 86
-0.157652 -3.398385 6.416388 147 183 41
1.455767 -3.263950 6.589623 147 176 61
-0.027591 -4.244739 7.696175 129 168 76
-0.419559 -2.979063 5.991695 153 184 53
0.261462 -2.654728 5.273362 125 166 46
0.667138 -3.950291 7.652124 126 169 53
-0.331545 -2.712413 4.685269 145 179 35
0.384152 -2.178594 3.900233 131 159 114
0.224992 -2.331105 3.697696 135 159 112
0.390244 -2.996043 6.225574 124 164 48
0.037153 -3.026586 5.692730 148 178 85
0.348718 -3.421037 6.576524 124 161 62
-0.216382 -3.322223 5.950179 147 182 36
0.869527 -5.639214 8.027569 135 171 98
0.716468 -3.627248 7.582907 130 170 46
1.615215 -4.460371 8.286605 162 187 115
0.886684 -2.499124 3.999134 150 183 39
0.877329 -3.269460 6.548681 116 158 63
-0.492535 -3.112607 6.156434 136 155 70
0.898739 -3.451353 6.651052 105 154 58
0.461794 -4.477248 7.641837 139 175 93
0.435722 -4.484792 7.859047 130 169 87
0.342716 -3.003815 5.631410 123 159 48
0.377051 -3.974294 7.234702 133 168 83
0.743609 -2.621828 4.343858 148 182 36
0.917982 -3.023165 6.215080 123 159 70
0.782186 -3.630634 7.268881 129 169 49
-0.083365 -3.573396 6.493555 138 175 44
0.909644 -2.902771 6.593024 122 159 60
0.720471 -2.526962 6.002109 118 160 54
0.276391 -4.181415 7.358350 138 172 85
0.432950 -4.759132 7.483747 146 183 99
-0.332389 -2.296414 2.982700 132 170 39
0.686776 -2.842749 4.279646 154 185 65
0.334383 -3.422795 6.414131 127 163 67
0.240845 -4.050937 7.383950 130 166 73
0.588227 -4.082720 7.660520 126 167 55
-0.185613 -3.500759 6.051686 149 182 40
0.418713 -3.677018 6.869772 126 163 65
1.361078 -3.155980 6.784364 158 164 121
0.080530 -4.051678 7.374241 154 181 87
0.537299 -2.927917 5.920305 129 169 49
-0.340723 -2.850303 5.454805 146 169 59
1.990354 -5.883111 8.234734 132 172 103
0.590279 -2.421485 5.705569 140 176 40
0.785554 -3.344609 7.089545 129 168 46
0.639541 -3.839596 7.462410 126 167 52
-0.142002 -3.015970 5.715252 138 172 78
-0.318698 -3.001371 5.587476 151 181 29
0.697332 -3.151190 6.788355 129 169 46
-0.008083 -3.113895 6.113680 142 179 68
1.140122 -3.404377 6.276304 141 178 60
-0.307252 -2.785465 5.011265 146 182 44
0.816461 -2.554610 5.973474 141 175 51
0.398418 -2.629917 5.428091 126 167 43
0.319608 -3.087086 5.634347 123 159 48
-0.236578 -2.827264 5.230535 141 178 39
0.963258 -3.263647 6.541031 123 165 59
-0.070354 -2.559257 4.803776 139 176 52
0.427270 -3.156711 6.628118 116 157 54
0.150767 -3.845930 7.396512 136 173 91
0.971110 -2.688629 6.360229 154 177 79
0.330544 -2.536906 5.197795 131 171 40
1.138899 -3.241342 7.282293 163 176 111
0.192678 -2.817203 5.499423 129 166 57
0.284895 -2.135589 4.338188 138 178 28
1.061221 -3.371498 6.799521 133 157 58
1.168106 -4.589062 7.908042 118 161 70
-0.451687 -1.957816 3.582915 133 169 98
0.497949 -2.479325 5.601815 136 175 38
-0.091039 -3.240007 6.552017 129 167 59
1.449353 -5.788889 8.346268 127 169 105
1.301299 -4.783549 8.532632 153 186 92
0.448556 -4.693447 7.865849 138 174 97
0.908013 -3.524379 7.622854 136 168 42
1.143122 -4.287223 7.784232 124 169 61
1.040569 -5.308815 8.049824 138 175 103
0.504535 -5.354411 8.704610 138 172 112
1.007198 -5.872154 8.615351 135 170 108
1.055940 -4.895653 8.514583 129 172 98
0.786784 -4.046755 7.894939 132 172 49
1.163607 -4.785463 8.667567 129 168 90
1.752574 -6.063417 8.322460 128 168 100
1.437206 -5.500731 8.501089 143 180 91
0.632324 -4.298474 7.858094 127 167 61
0.830541 -4.663259 8.427403 124 167 95
1.783421 -5.890626 8.302529 129 167 99
0.909148 -4.186616 7.947021 132 173 54
0.689772 -4.310234 7.524431 131 165 109
0.776426 -5.826017 8.446997 129 166 90
1.038021 -5.796762 8.280369 136 171 109
0.838451 -3.905893 7.854758 134 171 49
1.599952 -5.587479 8.453557 137 173 97
0.678955 -5.243881 7.978750 129 168 95
0.974168 -5.411580 8.007692 143 178 112
1.106936 -3.949443 7.742866 125 168 51
1.190086 -5.042149 8.245164 130 170 83
1.597250 -5.094193 8.417786 136 174 96
1.351456 -4.643726 8.224915 132 173 76
1.748980 -6.004478 8.833634 138 174 106
1.032907 -4.230238 8.047634 133 175 56
0.619327 -4.376715 7.913282 126 166 63
0.803595 -4.999141 8.261773 123 164 81
1.493524 -5.545350 8.810314 156 182 139
1.015298 -5.650780 8.280800 142 178 108
0.878143 -5.685476 8.197805 132 168 101
1.421757 -4.839211 8.468037 129 169 85
0.840404 -5.605457 7.907017 132 169 87
2.033254 -5.418803 8.372566 141 171 98
1.441249 -4.713151 8.447907 137 172 92
1.451349 -5.868287 8.444132 128 168 101
1.023267 -5.495775 8.212953 136 173 100
1.796326 -4.522531 8.373584 173 186 148
1.620312 -5.193097 8.764632 159 173 139
0.792795 -4.859171 8.496501 121 166 93
0.589478 -5.278281 8.703109 127 168 105
0.963457 -5.680522 8.019722 139 171 106
0.471589 -4.973607 7.646328 141 180 96
1.222386 -4.724450 8.060204 126 168 77
0.558542 -5.481150 8.485895 137 172 106
1.664498 -5.937547 8.369797 129 169 99
1.935797 -5.599889 8.198985 139 176 110
1.589727 -5.067920 8.679028 164 177 143
0.658186 -4.759924 8.384557 121 164 90
1.495978 -4.343306 8.121962 158 189 80
1.398484 -5.709974 8.486304 133 172 96
1.407215 -3.952359 7.986454 172 183 119
0.630017 -5.097695 7.920115 134 169 98
0.824680 -5.233444 8.657310 124 168 95
0.630631 -5.516327 7.934806 131 167 75
0.643388 -4.844797 8.407238 122 165 90
1.228956 -4.106387 8.071370 166 189 77
0.697956 -5.996186 8.435300 133 168 75
1.532133 -6.120979 8.915414 137 172 108
0.799150 -5.043046 8.042695 135 173 88
0.791625 -5.601479 8.484151 141 177 115
1.214368 -4.839923 7.947583 134 176 109
0.775938 -3.873022 7.644414 128 171 49
0.577324 -4.690958 7.582796 140 177 105
1.285803 -5.473036 8.377759 141 177 84
1.213330 -4.532536 8.169416 140 180 70
1.631395 -5.265059 8.508683 148 184 98
2.060335 -5.270779 8.327659 143 177 52
1.870716 -6.175615 8.333701 127 168 98
-1.655950 3.469149 7.968140 133 157 101
1.195140 -3.469423 7.197949 135 169 45
0.613664 -4.601357 8.004863 122 163 78
1.604228 -5.552267 8.636937 146 180 110
1.880839 -4.587867 8.458896 154 156 138
0.596610 -4.260424 7.637827 122 162 80
1.103664 -4.833006 8.120960 128 170 72
1.241719 -4.183672 8.101768 163 193 60
1.102846 -4.514530 7.810699 142 179 59
1.157721 -5.470873 8.279927 135 172 88
1.902740 -6.183519 8.361647 128 168 99
0.451751 -4.712673 7.675953 137 172 96
1.526346 -4.973566 8.310215 130 172 90
1.120269 -4.178069 8.153349 166 191 79
0.584363 -4.876195 7.901296 133 173 103
0.716094 -5.083993 8.137424 135 173 102
0.345416 -5.924316 8.547489 133 173 51
0.757474 -5.340696 7.972864 129 168 94
0.662905 -4.702538 7.503754 141 177 107
-1.555605 2.761809 7.653198 109 160 93
-2.584835 1.924225 7.088841 133 166 52
-2.044885 2.969641 7.291779 134 176 66
-1.995972 2.777327 7.315110 120 166 78
-1.780137 3.353849 7.887353 123 163 101
-2.348177 3.120882 7.637460 123 166 87
-2.607635 2.395799 7.212619 127 167 67
-2.810414 2.950651 7.093595 126 167 85
-2.732202 2.253722 7.252768 128 160 68
-2.213834 3.463812 7.669638 117 161 77
-1.979861 2.943180 7.477283 122 163 85
-2.380090 2.690874 7.017484 129 166 77
-2.669465 1.767814 6.909772 140 167 47
-2.094278 3.452447 7.863803 121 165 94
-2.549866 3.107182 7.641773 122 166 85
-2.141894 3.065767 7.415245 135 176 75
-2.049963 3.373512 7.813002 116 164 92
-2.563238 2.854285 7.154651 125 167 81
-2.584152 2.147303 7.097627 126 166 59
-2.200208 3.384658 7.653946 117 162 78
-1.861764 3.188433 7.723367 113 166 92
-1.774711 2.950992 7.615942 107 158 88
-2.350534 2.522913 7.069882 124 167 64
-2.372354 3.523198 8.105825 188 190 158
-2.446366 2.738242 7.329716 123 165 74
-2.161305 3.192376 7.684297 118 163 83
-2.292053 3.485754 7.676307 120 162 76
-2.307023 3.272604 7.454872 128 166 87
-2.803466 2.940437 7.706880 133 167 95
-2.706895 2.222919 7.215062 129 163 66
-2.701310 2.863102 7.166743 124 166 79
-2.371725 3.434958 8.154461 218 213 184
-2.653192 3.754495 7.787131 125 160 94
-2.303659 2.542857 7.155552 121 167 64
-2.480885 2.980037 7.125563 130 168 91
