1.108976 -5.105184 8.082509
1.234435 -3.471279 6.606284
0.417730 -3.366856 6.958580
-0.062225 -3.229361 6.232234
1.049001 -3.266798 6.560777
1.667557 -4.884747 8.262690
2.014114 -5.437310 8.333535
0.155455 -2.891128 4.807879
0.350211 -1.997478 4.525298
0.649927 -4.591002 8.230016
1.457339 -5.207570 8.768947
-0.516900 -2.180292 3.550150
-0.064659 -3.172094 6.139760
1.260545 -5.651418 8.454984
1.058812 -3.013215 5.343229
1.101972 -5.098167 8.226267
0.007032 -2.623496 4.864130
0.179879 -3.029486 5.997969
1.588226 -6.356947 8.606112
0.836266 -4.974619 7.941497
0.589900 -2.979807 5.711626
0.847479 -3.511802 7.079062
-0.282886 -3.358134 5.935977
0.718993 -2.960845 6.416112
1.057626 -4.031716 7.850406
-0.195357 -3.631330 7.363375
-0.437638 -2.689444 4.162435
0.543337 -4.961654 7.701243
1.025567 -6.063230 8.263884
0.611153 -4.458157 8.085379
0.495894 -5.369653 8.487303
0.381448 -1.955035 5.125644
1.279750 -4.878437 8.218431
0.545880 -2.316529 5.503761
1.498696 -4.116933 8.197709
-0.321965 -2.806196 5.156006
-0.486998 -3.014147 6.021895
0.944424 -3.491521 7.568137
0.324066 -5.919045 8.528856
0.202292 -2.288844 4.434087
0.758821 -5.452816 7.859378
0.680959 -2.655795 4.302013
0.497151 -4.946859 8.605386
1.150703 -5.883877 8.394117
1.418811 -4.843559 8.265113
0.073038 -2.480675 4.483373
1.494856 -5.613397 8.800700
0.611444 -3.634329 7.121682
0.795142 -3.266934 6.821886
1.336544 -3.191041 6.445912
0.244661 -3.259807 6.652171
1.383107 -4.805057 8.566560
0.613826 -4.473585 7.669296
-0.129329 -3.115675 6.042564
1.451262 -5.436083 8.666725
0.268856 -2.726480 5.446709
0.430818 -3.727463 7.302310
0.490168 -3.140219 4.197912
-0.197031 -2.636576 3.821453
2.151325 -5.909388 8.756168
0.444990 -5.951524 8.559449
0.577370 -5.902163 8.455162
-0.424591 -2.392900 3.339699
-0.101918 -2.528425 4.581172
0.348120 -2.012733 4.924612
1.919356 -5.348007 8.422777
0.864722 -2.105446 3.816099
-0.026689 -3.270488 6.618273
0.758077 -2.254227 5.545734
0.402901 -4.232398 7.473900
1.512926 -5.109272 8.599300
-0.398389 -2.753531 4.916668
-0.371538 -2.242264 3.615731
0.090057 -2.763548 5.364689
0.417987 -3.129065 6.490536
1.115300 -5.236887 8.216358
1.103981 -3.378839 6.079738
0.912165 -4.933795 8.635100
0.697833 -3.665276 7.489483
0.389357 -2.456312 4.127829
0.031880 -5.072623 8.045720
-0.131659 -3.244998 6.797763
1.099464 -3.246444 7.251731
0.518465 -2.616332 4.425048
1.151864 -3.667939 7.592646
1.539117 -5.590222 8.745394
0.626372 -2.764029 6.176651
2.370339 -5.324229 8.403166
1.671660 -4.678580 8.483457
0.558367 -2.587830 5.546503
0.250845 -4.986509 8.088787
0.854249 -3.620857 7.434274
0.441068 -3.227171 6.648120
1.094453 -3.318498 6.018548
0.829214 -5.449127 8.008618
0.010544 -2.266987 3.545436
0.110180 -4.089026 6.973063
0.853965 -4.983515 8.676581
0.803835 -4.879236 7.845127
1.241996 -3.540449 6.486673
0.995476 -3.620849 6.848937
0.434220 -2.477676 5.430107
0.482090 -5.044887 8.253140
0.083202 -2.388989 4.051834
0.466043 -3.874011 7.242812
0.660543 -4.101979 7.824838
1.487558 -5.485860 8.046370
0.489801 -4.866892 7.633338
0.969793 -3.114622 6.999192
0.244210 -2.293569 4.629920
0.759897 -4.230159 8.083428
0.446194 -2.834481 5.872782
0.698944 -4.508370 8.200928
0.175605 -3.495910 6.909741
-0.136232 -2.725847 5.077363
0.952972 -4.320019 7.903673
1.834922 -5.503457 8.442136
0.154903 -3.997589 6.947669
0.569277 -3.117898 4.180461
0.083466 -3.814213 6.917899
0.562104 -3.658231 6.621625
0.443071 -3.650776 7.027605
0.995793 -4.593895 7.688020
1.489757 -5.015912 8.518499
0.328064 -2.122440 5.050323
0.246559 -2.924686 5.986860
0.303949 -4.323930 7.776877
0.814007 -3.936478 7.502612
0.312942 -2.163666 3.763142
0.396478 -2.577667 4.278546
0.499575 -2.487761 4.527633
0.306935 -2.106085 4.499599
0.657026 -1.222522 3.456639
-0.200481 -3.289691 6.262139
1.621365 -4.870454 8.587150
-0.302433 -3.142388 6.242272
0.141963 -3.030031 5.854011
1.738633 -5.625661 8.462186
0.872247 -4.513640 7.718523
0.155388 -5.231619 8.024839
1.010930 -4.893579 7.880192
0.892420 -4.668121 8.587943
-0.178599 -2.069399 3.416786
1.934764 -6.191418 8.389595
1.840535 -6.075236 8.396660
0.644793 -5.253584 7.859114
0.471664 -5.029598 8.039069
0.048770 -3.868855 7.471233
0.941663 -3.630115 7.576694
0.294288 -2.067831 4.848119
-0.402894 -1.931324 3.445330
0.784830 -3.425894 6.476697
0.337210 -2.021941 4.577860
0.608698 -4.866123 8.060160
1.258948 -4.216258 8.161976
-0.092327 -3.125030 6.407674
0.943509 -3.177743 6.275872
0.659163 -3.632127 6.428638
1.443817 -4.449061 8.107248
0.673814 -2.445936 5.810987
0.611464 -3.333625 6.879739
0.263579 -4.286298 7.677736
0.492566 -4.008607 6.958897
0.789825 -2.635115 5.178764
0.967123 -2.529825 6.164501
1.191959 -5.292539 8.302258
1.448720 -3.483448 6.886722
-0.398426 -2.911165 5.650830
0.286608 -2.274184 4.876599
0.597170 -1.715204 3.441662
0.374500 -1.944825 4.512352
-0.212366 -2.688647 4.684720
-0.316485 -1.990896 3.284898
0.223672 -4.045535 6.977919
0.759110 -2.741437 6.164690
0.477152 -4.064538 7.584880
0.504789 -3.903436 7.420436
1.283416 -5.323509 8.355897
0.163761 -2.428417 4.628248
0.932062 -4.652212 8.502433
0.029220 -4.024850 7.306874
0.397501 -1.957013 5.195857
0.755337 -3.290732 6.682439
1.225779 -6.243717 8.964242
0.286844 -2.505044 5.078550
0.407357 -3.349187 6.529653
0.141524 -2.512750 4.395833
-0.108927 -2.791045 3.868535
1.240316 -4.434144 8.019832
-0.088840 -2.949476 4.625479
0.742257 -4.487797 7.852476
0.300919 -2.049002 4.656375
0.553009 -2.917061 6.068841
0.480497 -4.016284 7.423798
0.916694 -3.088016 6.911523
1.071313 -2.953900 6.415624
1.025026 -5.461144 8.642760
1.143987 -3.389700 6.086553
-0.097726 -4.205647 7.969625
0.262700 -3.161913 6.458565
0.720092 -5.602338 7.897147
1.091844 -4.888077 8.163515
1.016327 -3.258972 5.857407
0.225578 -3.680097 7.313099
0.482402 -2.811620 5.391948
-0.481088 -2.896700 5.580224
0.962874 -3.282632 6.848166
-0.140198 -3.434772 6.865352
0.495320 -3.106073 4.145940
0.155976 -2.505452 4.292181
1.159123 -4.381460 7.783839
0.949986 -3.571280 7.895861
1.029669 -2.620720 6.200879
0.038652 -3.190969 6.417278
0.498971 -3.776388 7.017206
1.084479 -5.833650 8.448527
1.092161 -4.872290 8.613431
0.697345 -4.139268 8.047050
0.699592 -1.778724 3.295201
0.502577 -2.276628 5.445775
0.476272 -4.917844 7.849909
1.062904 -3.017229 6.463083
-0.043218 -2.633198 4.618038
0.965395 -3.156133 6.212327
0.526824 -1.836208 3.699810
-0.290087 -2.281780 3.306164
0.165010 -2.590320 4.926547
1.232705 -4.861729 8.109877
0.751078 -4.403934 8.178149
0.632190 -5.707776 8.458454
2.191370 -5.378905 8.414440
0.604400 -5.262082 7.724667
1.393211 -5.247414 8.468143
0.345110 -1.939365 4.647880
0.372519 -2.044445 5.066017
0.052650 -3.745980 6.913062
0.051251 -2.737286 5.238253
0.254916 -3.283524 6.767460
0.352067 -2.263797 5.049730
1.702399 -4.481218 8.381431
-0.181633 -4.199773 7.900244
0.966112 -3.119738 5.447193
0.011894 -3.098047 6.295882
-0.003593 -2.678298 5.065141
1.327019 -3.130704 6.384725
0.233911 -4.108572 7.634597
0.698859 -4.992028 8.628985
0.703215 -1.117503 3.403687
-0.173629 -3.138151 6.244495
1.068358 -4.990324 8.473589
0.028422 -3.465776 6.841706
1.041276 -3.439562 7.088454
-0.184463 -2.903684 5.595033
1.623062 -5.504211 8.450619
0.097394 -2.274754 4.008426
-0.237567 -2.787165 5.086971
0.163752 -3.552578 7.330820
0.628507 -2.296936 5.578093
2.297447 -5.333696 8.409702
1.392821 -3.117913 6.699314
-0.063419 -3.469234 6.633890
1.026779 -3.215667 7.128238
1.320920 -5.415123 8.599090
0.370538 -1.964242 4.778891
0.577068 -1.826883 3.511132
0.445690 -2.680114 5.649516
0.416463 -2.052201 5.191799
0.916285 -3.108506 5.479603
0.314982 -2.420492 4.134010
0.480577 -2.903346 6.170564
0.066019 -3.493079 7.400187
0.614516 -3.360066 7.002513
-0.167731 -3.620578 7.319901
0.864282 -5.543658 8.149758
0.649526 -3.127872 6.649104
1.070781 -4.149429 7.727756
-0.344163 -2.663780 3.928845
1.666655 -4.840450 8.521449
0.270259 -2.871568 5.840975
0.545249 -3.786485 7.095068
0.480773 -5.051048 8.407452
1.442564 -3.972939 8.020384
-0.153011 -2.760241 5.242894
1.759270 -5.007550 8.330940
0.176114 -2.931168 4.683729
0.856061 -3.619603 7.908084
1.442109 -3.051529 6.353250
-0.151260 -2.492640 3.511011
0.431061 -3.325789 6.813743
0.057626 -2.911048 5.594197
0.325764 -3.406500 6.384027
1.192381 -5.945536 8.670721
2.128370 -5.804937 8.143275
-0.054127 -2.642405 4.271288
1.754542 -5.005503 8.351794
1.417333 -4.252818 8.230227
1.230404 -3.074753 6.644988
1.034177 -3.083319 6.696504
0.268552 -2.148228 4.063562
0.323254 -3.443092 6.599470
-0.130685 -2.236991 3.284788
0.004195 -3.035890 5.876468
1.054388 -4.506273 7.663489
-0.290255 -3.009454 5.864668
-0.146601 -2.707754 4.024411
1.081899 -5.465136 7.846188
-0.468916 -1.925235 3.522702
0.612129 -5.817478 8.584167
0.205604 -2.227314 4.083612
0.330232 -2.732516 5.588665
0.003606 -2.526128 4.628096
1.048675 -3.882430 6.922081
0.376732 -2.851406 5.694959
-0.010413 -3.620735 7.421951
-0.486998 -2.834327 5.181110
0.685210 -2.651899 5.293890
0.478621 -2.222741 4.240187
-0.382741 -2.985564 5.531583
0.485845 -3.447603 6.902289
-0.114869 -2.685315 3.637748
0.019067 -3.097172 6.377077
0.826292 -2.914174 6.462402
-0.294683 -3.304073 6.018274
1.006556 -3.842916 7.003801
0.249044 -3.075264 6.262424
-0.119052 -2.239356 3.478835
1.257263 -3.312344 6.413302
0.936292 -3.540608 7.385247
-0.116051 -3.239123 6.380308
0.236372 -3.676654 6.930193
0.439477 -2.250915 5.254143
0.828044 -2.421500 5.878946
0.093235 -3.502881 7.336512
0.585852 -3.465869 7.050029
0.282288 -3.884991 7.323941
-0.184870 -2.333318 3.642323
-0.187835 -2.848500 5.436172
0.612403 -2.675205 5.870031
0.412255 -2.563117 4.249719
0.787757 -2.649338 6.031588
0.208659 -3.236355 6.468231
-0.249150 -2.500724 3.925519
1.056284 -4.087147 7.004092
0.537769 -4.881891 7.373519
1.319156 -3.256262 6.581141
-0.046080 -3.676094 7.268840
0.632775 -2.904279 6.250668
0.695275 -4.273309 8.048678
0.901112 -3.511812 7.500572
1.174462 -5.003712 8.080746
-0.470240 -2.171406 3.320875
0.639173 -3.198798 6.678062
0.954785 -2.610714 6.036885
0.639983 -3.050342 6.481341
-0.138906 -2.590512 4.227063
1.454612 -5.209871 8.682257
-0.309046 -3.414958 5.816141
0.834546 -2.843632 6.264840
-0.190766 -2.681273 4.851526
0.828375 -3.393755 6.881700
0.251900 -2.266566 3.759413
0.056212 -2.847341 5.409499
0.031863 -3.352684 6.869737
0.796965 -3.040388 6.471467
0.395111 -4.247405 7.633554
0.795424 -4.646078 7.813686
0.184378 -2.605300 5.078448
-0.422898 -2.038257 3.438020
0.124049 -2.852396 4.810233
0.221451 -2.269536 4.283855
0.310393 -4.494244 7.665618
0.054901 -3.452764 6.971080
0.214311 -2.493589 4.875119
0.366339 -2.475220 5.248526
0.385691 -2.910251 6.076719
0.091085 -2.412217 4.303723
0.254032 -2.848583 5.658024
0.275889 -4.026922 7.280004
0.405094 -4.781470 7.479626
0.613991 -2.727163 5.993209
-0.177470 -3.031367 5.848129
0.461089 -2.265382 4.590009
0.106659 -3.666811 7.037019
0.636948 -3.670372 7.290316
-0.199165 -4.079700 7.833274
0.220508 -3.275634 6.296430
-0.039189 -4.408601 7.767165
0.213128 -3.886630 7.016350
0.487622 -2.189576 4.402712
-0.157652 -3.398385 6.416388
1.455767 -3.263950 6.589623
-0.027591 -4.244739 7.696175
-0.419559 -2.979063 5.991695
0.261462 -2.654728 5.273362
0.667138 -3.950291 7.652124
-0.331545 -2.712413 4.685269
0.384152 -2.178594 3.900233
0.224992 -2.331105 3.697696
0.390244 -2.996043 6.225574
0.037153 -3.026586 5.692730
0.348718 -3.421037 6.576524
-0.216382 -3.322223 5.950179
0.869527 -5.639214 8.027569
0.716468 -3.627248 7.582907
1.615215 -4.460371 8.286605
0.886684 -2.499124 3.999134
0.877329 -3.269460 6.548681
-0.492535 -3.112607 6.156434
0.898739 -3.451353 6.651052
0.461794 -4.477248 7.641837
0.435722 -4.484792 7.859047
0.342716 -3.003815 5.631410
0.377051 -3.974294 7.234702
0.743609 -2.621828 4.343858
0.917982 -3.023165 6.215080
0.782186 -3.630634 7.268881
-0.083365 -3.573396 6.493555
0.909644 -2.902771 6.593024
0.720471 -2.526962 6.002109
0.276391 -4.181415 7.358350
0.432950 -4.759132 7.483747
0.686776 -2.842749 4.279646
0.334383 -3.422795 6.414131
0.240845 -4.050937 7.383950
0.588227 -4.082720 7.660520
-0.185613 -3.500759 6.051686
0.418713 -3.677018 6.869772
1.361078 -3.155980 6.784364
0.080530 -4.051678 7.374241
0.537299 -2.927917 5.920305
-0.340723 -2.850303 5.454805
1.990354 -5.883111 8.234734
0.590279 -2.421485 5.705569
0.785554 -3.344609 7.089545
0.639541 -3.839596 7.462410
-0.142002 -3.015970 5.715252
-0.318698 -3.001371 5.587476
0.697332 -3.151190 6.788355
-0.008083 -3.113895 6.113680
1.140122 -3.404377 6.276304
-0.307252 -2.785465 5.011265
0.816461 -2.554610 5.973474
0.398418 -2.629917 5.428091
0.319608 -3.087086 5.634347
-0.236578 -2.827264 5.230535
0.963258 -3.263647 6.541031
-0.070354 -2.559257 4.803776
0.427270 -3.156711 6.628118
0.150767 -3.845930 7.396512
0.971110 -2.688629 6.360229
0.330544 -2.536906 5.197795
1.138899 -3.241342 7.282293
0.192678 -2.817203 5.499423
0.284895 -2.135589 4.338188
1.061221 -3.371498 6.799521
1.168106 -4.589062 7.908042
-0.451687 -1.957816 3.582915
0.497949 -2.479325 5.601815
-0.091039 -3.240007 6.552017
1.449353 -5.788889 8.346268
1.301299 -4.783549 8.532632
0.448556 -4.693447 7.865849
0.908013 -3.524379 7.622854
1.143122 -4.287223 7.784232
1.040569 -5.308815 8.049824
0.504535 -5.354411 8.704610
1.007198 -5.872154 8.615351
1.055940 -4.895653 8.514583
0.786784 -4.046755 7.894939
1.163607 -4.785463 8.667567
1.752574 -6.063417 8.322460
1.437206 -5.500731 8.501089
0.632324 -4.298474 7.858094
0.830541 -4.663259 8.427403
1.783421 -5.890626 8.302529
0.909148 -4.186616 7.947021
0.689772 -4.310234 7.524431
0.776426 -5.826017 8.446997
1.038021 -5.796762 8.280369
0.838451 -3.905893 7.854758
1.599952 -5.587479 8.453557
0.678955 -5.243881 7.978750
0.974168 -5.411580 8.007692
1.106936 -3.949443 7.742866
1.190086 -5.042149 8.245164
1.597250 -5.094193 8.417786
1.351456 -4.643726 8.224915
1.748980 -6.004478 8.833634
1.032907 -4.230238 8.047634
0.619327 -4.376715 7.913282
0.803595 -4.999141 8.261773
1.493524 -5.545350 8.810314
1.015298 -5.650780 8.280800
0.878143 -5.685476 8.197805
1.421757 -4.839211 8.468037
0.840404 -5.605457 7.907017
2.033254 -5.418803 8.372566
1.441249 -4.713151 8.447907
1.451349 -5.868287 8.444132
1.023267 -5.495775 8.212953
1.796326 -4.522531 8.373584
1.620312 -5.193097 8.764632
0.792795 -4.859171 8.496501
0.589478 -5.278281 8.703109
0.963457 -5.680522 8.019722
0.471589 -4.973607 7.646328
1.222386 -4.724450 8.060204
0.558542 -5.481150 8.485895
1.664498 -5.937547 8.369797
1.935797 -5.599889 8.198985
1.589727 -5.067920 8.679028
0.658186 -4.759924 8.384557
1.495978 -4.343306 8.121962
1.398484 -5.709974 8.486304
1.407215 -3.952359 7.986454
0.630017 -5.097695 7.920115
0.824680 -5.233444 8.657310
0.630631 -5.516327 7.934806
0.643388 -4.844797 8.407238
1.228956 -4.106387 8.071370
0.697956 -5.996186 8.435300
1.532133 -6.120979 8.915414
0.799150 -5.043046 8.042695
0.791625 -5.601479 8.484151
1.214368 -4.839923 7.947583
0.775938 -3.873022 7.644414
0.577324 -4.690958 7.582796
1.285803 -5.473036 8.377759
1.213330 -4.532536 8.169416
1.631395 -5.265059 8.508683
2.060335 -5.270779 8.327659
1.870716 -6.175615 8.333701
1.195140 -3.469423 7.197949
0.613664 -4.601357 8.004863
1.604228 -5.552267 8.636937
1.880839 -4.587867 8.458896
0.596610 -4.260424 7.637827
1.103664 -4.833006 8.120960
1.241719 -4.183672 8.101768
1.102846 -4.514530 7.810699
1.157721 -5.470873 8.279927
1.902740 -6.183519 8.361647
0.451751 -4.712673 7.675953
1.526346 -4.973566 8.310215
1.120269 -4.178069 8.153349
0.584363 -4.876195 7.901296
0.716094 -5.083993 8.137424
0.345416 -5.924316 8.547489
0.757474 -5.340696 7.972864
0.662905 -4.702538 7.503754
