0.157537 0.305857 3.827971
-2.126066 2.168809 6.857471
-1.227783 2.256144 6.644236
-0.132664 0.779605 4.793720
-0.927904 -0.086263 4.194004
-0.384694 -0.386739 3.682811
-1.046891 -0.603586 3.354875
-1.222798 0.079771 3.526710
-2.558432 1.993377 7.220797
-2.652896 2.061602 6.884678
-0.818129 0.171959 4.233360
-0.319010 -0.140583 4.390442
-1.506617 2.213687 6.004371
0.167484 0.470570 3.768031
0.868147 -0.315064 3.694186
-1.554210 1.992943 6.795240
0.083764 0.012318 3.579857
-1.915802 1.010281 5.787501
-1.606462 2.002309 6.649720
-0.941719 1.268605 4.655274
-2.075963 2.126085 6.464774
-2.531722 3.120454 7.312674
-0.964426 1.590865 5.855079
-2.403824 1.798653 6.374495
-0.550974 1.289966 5.224108
-2.174921 2.970844 7.257212
-0.786814 1.686549 5.844210
-1.528037 1.586152 6.074411
-1.937315 0.648090 5.531423
-1.951115 2.950379 7.624704
-1.568166 1.878659 6.160730
-1.263419 1.902464 6.518209
-1.612771 2.224677 6.965002
-2.392307 1.980559 6.637490
-0.756417 0.775166 5.214186
-1.171366 1.335353 5.079930
-2.674245 2.066868 6.866043
-1.992877 3.093498 7.636589
-0.997143 -0.484346 3.732817
-2.199448 1.580256 6.563405
-1.182451 1.533135 6.017874
-1.644391 1.713287 6.076491
-1.551430 2.612252 7.405517
-2.004970 0.616919 5.600133
-1.961151 2.146065 6.873847
-1.174384 1.435565 5.860675
-2.703940 2.761059 7.222637
0.610841 -0.128988 3.551216
-1.432979 1.616735 6.133891
-2.112205 3.360094 7.791363
-1.459450 2.203282 6.716411
-0.730533 1.340219 5.236008
-0.457004 0.831297 4.555820
-0.803597 -0.280834 4.025544
-0.565687 0.148685 4.032642
-1.568216 2.667016 6.281124
-0.963130 0.012298 2.808885
-0.649797 1.744353 6.015628
-1.524639 2.449202 6.388065
-0.453328 0.207248 4.286020
-2.018960 1.756153 6.606950
0.023376 -0.363514 4.158023
-0.977121 0.926764 4.866684
-2.321199 1.660730 6.614207
-0.365820 0.921641 4.780036
0.041588 0.072982 3.101445
-0.873806 0.188788 4.272193
0.615155 -0.151585 3.510162
-0.717763 0.664185 5.119415
-0.601780 -0.095873 3.998914
0.147518 -0.323831 3.926693
-1.353531 1.356552 5.887573
-1.685097 2.483105 7.217524
-1.758802 1.097128 5.848697
0.315365 -0.603673 3.889321
-0.051483 -0.424112 4.226665
-0.479488 1.678531 5.489812
-1.107018 0.777573 4.705855
0.639118 -1.044141 3.282388
-2.222811 1.214664 6.620560
-0.630907 2.094928 6.204547
-1.973327 2.312915 7.053849
-0.840484 0.246486 4.473227
-2.241194 3.286458 7.517110
-0.974307 0.596341 4.430117
-1.663123 3.468275 7.886948
-0.790869 0.853421 4.677124
-2.373195 3.136357 7.313850
-2.135512 2.907288 6.932179
-0.785715 1.921636 6.578131
-0.352490 0.872896 4.648444
-1.451148 2.800388 7.589003
-0.797555 0.307482 4.277821
-1.541258 1.191049 6.223056
-0.486523 0.605304 4.704082
-1.016370 1.919672 5.415261
-0.379883 0.574270 3.815237
-2.392254 2.186938 6.888960
-1.931449 2.785633 7.421852
-0.891490 0.258626 4.416219
-2.149408 2.657983 6.966783
-2.120939 1.302866 6.528774
-0.763829 -0.214048 3.898557
-0.797172 0.716235 4.556403
-0.638136 1.791531 5.748113
-0.759798 1.966364 6.070685
-1.770256 1.111936 6.057068
-1.682859 2.655635 6.244312
-2.457777 3.063298 7.122623
-2.631661 2.110451 7.305111
-1.112483 0.892288 4.803986
-1.837706 2.060687 6.485365
-0.377465 0.336428 3.878968
-1.055224 2.213476 5.944063
-2.726103 2.216106 7.012235
-1.211822 -0.087649 3.957201
-0.998850 1.632147 6.027195
-1.772702 1.893622 6.219999
-1.236007 1.303250 5.230735
-1.825898 1.995380 6.423647
-0.894295 -0.517705 3.766038
-0.772563 1.414294 5.661754
0.557416 -0.657537 3.418419
-0.973799 0.105222 2.813942
-0.107756 0.683735 3.969053
-1.186353 -0.245106 3.653167
-1.702243 1.381328 5.826024
-0.564406 1.521055 5.447857
-0.968193 1.106059 5.035312
-2.585851 2.376560 7.008351
-1.427539 1.830282 6.574397
-2.020476 1.751883 6.304325
-1.170639 2.522548 7.434248
-1.533066 0.137871 4.429152
0.829003 -0.260733 3.865849
-2.962267 3.045547 7.740225
-1.189556 -0.303430 3.469454
-1.550917 1.091952 5.713486
0.376162 -0.063151 3.571228
-1.393718 1.328609 6.193204
-0.909934 -0.189396 4.013486
-1.664723 1.230344 5.517444
-0.234595 0.868029 4.801764
0.156462 0.215832 3.812671
-1.740560 2.271318 6.433597
-1.103485 0.146472 2.963049
-1.607648 2.542068 6.105226
-1.027648 -0.355221 3.759691
-0.246578 -0.093856 4.588143
-0.490234 0.239022 3.623998
-0.404827 0.518428 4.675074
0.035330 -0.076949 3.043938
-2.142444 1.349468 6.678039
-0.589136 0.711008 4.469407
0.590780 -0.238690 3.676927
-1.320121 1.208734 5.707195
-0.967521 1.306865 5.294313
-1.766857 1.712981 6.094127
-0.865509 -0.652307 3.400769
-1.359936 -0.343691 4.017370
-0.356585 0.307428 4.281516
-1.411977 -0.263607 4.181366
-0.798960 0.491498 4.216286
-2.133453 1.213018 6.428549
0.019838 0.152238 3.237932
-1.267414 1.971354 6.742878
-2.584700 1.894925 6.655401
-0.915247 2.060319 6.097033
-1.175630 1.492729 5.491894
-1.015665 1.865036 6.558119
-0.083524 0.553848 3.871131
-1.771807 1.598840 5.788899
-0.772296 1.472688 5.410468
-2.187158 2.647840 6.806546
-1.244526 0.066055 3.815214
-1.307515 1.303326 5.730636
-1.937684 0.917082 5.688140
-2.179284 1.942291 6.698379
-0.934613 1.985382 6.365530
-1.791943 3.223274 7.846404
-0.580016 0.983363 4.823343
-1.072105 1.724078 6.360024
-2.549503 1.911852 6.846475
-2.140765 2.553378 7.038759
0.432193 -0.122495 3.178188
0.010861 0.505498 3.808761
-1.877102 2.237198 6.937054
-2.172568 1.095467 6.303206
-2.027488 1.147963 6.266447
-2.351194 2.130154 6.959605
-1.506573 2.550393 7.041906
-1.097487 1.166945 5.072496
-1.116473 2.117940 6.486545
-1.479757 1.901161 6.475942
-1.174885 -0.387460 3.384304
-0.126210 0.415092 3.702490
-1.373222 2.152349 6.799369
-0.349676 0.355072 4.060450
-1.479936 1.263232 6.206637
-0.075025 -0.037521 3.010634
-1.349017 1.895117 6.484926
-0.255157 -0.165782 2.482326
-0.151977 0.999609 4.621702
-1.827076 2.523410 7.130055
-2.360038 1.554746 6.620636
-1.172216 2.652987 7.443209
0.017119 -0.408437 4.107911
-1.846918 2.136821 6.874095
-1.359073 1.964842 6.685565
-1.928205 1.046083 5.856410
-1.585660 1.160779 5.864144
-1.693051 2.322871 6.572063
-0.601892 0.197853 4.293100
-0.458420 1.838800 5.956795
-0.595406 -0.194974 4.067618
-2.213190 3.046774 7.305807
-1.142875 1.401600 5.428606
-0.582836 0.886430 4.704438
0.543853 -0.171109 3.526898
0.323439 0.042350 3.602024
-0.698906 0.276716 3.899220
-2.191099 1.775254 6.642402
-0.668973 -0.118835 3.950534
-2.297621 1.012315 6.234471
-1.416755 2.339871 6.065756
0.270530 0.198266 4.211984
-2.196033 1.302316 6.770694
-2.011993 1.971894 6.414757
-2.262734 1.903663 6.749638
-1.590484 2.506317 6.216626
-2.300857 1.425080 6.880928
-0.501277 -0.110667 4.289299
-0.740033 0.712999 4.490015
-0.402470 0.786739 4.428729
-0.909527 0.640160 4.485304
-1.154040 -0.298160 3.251922
-0.138574 -0.416488 3.927378
-0.836322 -0.083650 4.196804
-2.020317 1.987815 6.659131
-1.329473 0.109300 2.676505
-0.093646 0.044833 2.936367
-2.221727 2.258005 6.936566
0.580309 -0.585366 3.947566
-2.748150 3.684234 7.734892
-0.960661 1.682562 6.060108
0.221481 -0.829651 3.531769
-2.542552 2.576108 7.067163
-1.968472 2.497237 7.085533
-0.671080 0.853899 5.208725
-1.003396 1.717935 5.878338
-0.041960 0.666182 3.989007
-2.370498 1.519044 6.875831
0.385640 -0.665463 3.256353
-1.194409 -0.110739 3.863843
0.014079 0.667274 3.895390
-1.082310 2.019875 5.474560
-1.161478 1.365139 5.662519
-2.111712 1.946647 6.469867
-0.664577 1.900245 6.076629
-1.602050 2.314303 7.044928
-0.625099 0.199575 4.413797
-1.087289 1.679651 5.829893
-1.048353 0.761114 4.700852
-0.626793 0.623860 4.409370
-0.476717 -0.339669 3.444909
0.099640 -0.364137 3.892141
-1.008438 1.509559 5.446263
-1.447283 1.197093 5.437229
-0.412107 0.751651 4.348119
-0.814104 1.393043 5.368983
-2.032733 1.243514 6.388638
-0.120285 0.458272 3.629892
-1.437927 2.386731 7.278581
-0.336855 -0.138822 4.299932
-1.172022 1.374350 5.840667
-1.222751 -0.277563 4.062514
-1.498320 1.327488 5.904080
0.213311 -0.084710 3.617988
0.107506 0.271358 3.304901
-0.668411 0.269195 3.925836
-1.756779 2.688555 7.468127
-0.643432 1.794823 5.799695
0.476818 -0.611282 3.416850
-0.531547 1.038200 4.744306
-0.758214 1.746296 6.066098
-1.938771 3.151646 7.771481
-0.728404 1.971665 5.902474
0.849149 -0.371008 3.655550
-2.133520 2.791763 7.236053
-0.627318 -0.541077 3.337615
-1.196403 1.137176 5.712390
0.033072 0.393896 3.647735
-1.371200 -0.370569 4.015244
-1.594888 2.090073 6.683552
-1.568398 2.747763 7.507851
-1.005982 1.273319 5.131470
0.047457 -0.411013 3.849514
-0.869062 1.146603 5.161668
-1.932080 1.900089 6.280603
-0.696233 0.308356 3.968791
-2.151391 1.030256 6.196819
-0.511962 0.225300 3.912501
-0.651213 -0.124540 3.928566
-1.044151 0.792376 4.771752
-0.828145 2.035519 6.079382
-0.610053 1.225682 5.199329
-1.919664 0.816364 5.633075
-1.498846 0.222494 4.552065
-0.722780 2.089705 6.182023
-1.860374 1.819782 6.264908
-1.384935 2.174598 6.065658
-2.121709 2.073151 6.725130
0.758139 -0.273372 4.010341
-0.466022 1.276468 5.226982
-2.358075 3.401937 8.174072
-1.838628 0.935646 5.692834
-1.148758 -0.332233 3.882663
-1.743137 2.321439 6.985693
-1.616403 2.131980 6.853794
-1.737528 1.285012 5.646040
-2.040432 1.215753 6.389617
-1.485421 2.245858 6.022613
-0.555448 1.454742 5.335252
-2.394751 2.276992 6.961863
-2.096433 1.726158 6.419746
-0.564811 0.803877 4.627014
-1.658971 2.328633 6.579222
-1.272531 -0.263822 3.575727
-0.924618 1.409451 5.388794
-2.369893 1.684312 6.899567
0.039593 0.452259 3.656761
-1.683209 2.458145 6.242381
-1.954621 2.114940 6.679240
-2.452587 2.245459 6.885470
-0.847713 1.141332 5.180301
-1.096502 -0.401509 3.602593
0.428610 -0.122935 3.137586
-1.449405 2.708345 7.538694
-1.628476 2.333949 6.545788
-2.004293 2.134091 6.407210
-0.210858 0.443599 3.985861
-1.389554 1.223084 5.779666
-2.478778 1.827486 6.708152
-2.946875 2.980673 7.719107
-0.865381 0.612461 4.471476
-1.822236 1.220472 5.695136
-1.676982 2.052007 6.655405
-2.069522 1.731041 6.345712
-1.239557 2.293332 6.757400
-1.847082 2.848020 7.521141
-2.579952 1.774067 6.942721
-2.459474 1.899223 7.196712
-1.655950 3.469149 7.968140
-1.555605 2.761809 7.653198
-2.584835 1.924225 7.088841
-2.044885 2.969641 7.291779
-1.995972 2.777327 7.315110
-1.780137 3.353849 7.887353
-2.348177 3.120882 7.637460
-2.607635 2.395799 7.212619
-2.810414 2.950651 7.093595
-2.732202 2.253722 7.252768
-2.213834 3.463812 7.669638
-1.979861 2.943180 7.477283
-2.380090 2.690874 7.017484
-2.669465 1.767814 6.909772
-2.094278 3.452447 7.863803
-2.549866 3.107182 7.641773
-2.141894 3.065767 7.415245
-2.049963 3.373512 7.813002
-2.563238 2.854285 7.154651
-2.584152 2.147303 7.097627
-2.200208 3.384658 7.653946
-1.861764 3.188433 7.723367
-1.774711 2.950992 7.615942
-2.350534 2.522913 7.069882
-2.372354 3.523198 8.105825
-2.446366 2.738242 7.329716
-2.161305 3.192376 7.684297
-2.292053 3.485754 7.676307
-2.307023 3.272604 7.454872
-2.803466 2.940437 7.706880
-2.706895 2.222919 7.215062
-2.701310 2.863102 7.166743
-2.371725 3.434958 8.154461
-2.653192 3.754495 7.787131
-2.303659 2.542857 7.155552
-2.480885 2.980037 7.125563
