1.013558 -3.610405 -1.193427
1.487740 -4.038025 0.170810
3.230769 -5.506946 0.663611
0.713242 -2.710482 -0.951566
2.081714 -4.045559 -0.601048
1.370469 -3.687319 0.069967
2.890801 -5.941310 0.098160
3.359923 -5.185147 0.621462
2.160093 -4.029671 0.182970
2.615826 -5.565007 0.118380
2.091944 -4.849440 0.586563
0.693746 -2.671864 -1.141218
0.883668 -3.070181 -0.758134
0.793365 -3.086246 -0.934126
2.682348 -5.096360 0.352964
1.157651 -3.017148 -0.210024
2.908432 -5.834026 0.450081
1.116742 -3.455852 -0.242598
2.374831 -5.232653 0.432735
2.510470 -4.570209 0.342003
2.233593 -4.049536 -0.508704
3.252384 -5.648592 0.635953
2.498343 -5.089776 0.788565
3.047250 -5.985200 0.084820
1.037346 -2.833707 -0.480997
3.022386 -5.653310 0.644032
1.967790 -4.350553 0.602373
1.346359 -2.877273 -0.698768
1.735872 -4.146377 0.323979
1.183764 -3.286142 -0.164416
3.273999 -5.190960 0.629107
2.881726 -5.498771 0.694339
1.744420 -3.896131 -0.150046
1.065518 -3.065105 -0.385510
0.858821 -3.264788 -0.757934
2.448782 -4.872479 0.862203
1.290946 -3.685770 -0.016803
1.967867 -5.065701 -0.157157
3.305344 -5.951979 0.511793
3.293524 -5.108134 0.585570
3.162166 -4.881359 0.042308
1.625759 -3.673024 0.392897
2.752051 -5.726497 0.005795
3.404275 -5.412057 0.476774
2.487258 -4.276355 0.005858
1.062112 -3.326395 -0.396031
3.022567 -5.488317 0.402178
2.444832 -5.263476 0.109762
1.844049 -4.280091 0.438629
1.592569 -3.890728 0.292955
1.177263 -3.514274 -0.150128
2.593413 -4.624295 0.309690
1.755016 -4.322233 0.296908
2.196597 -4.711232 0.661763
3.010338 -5.683789 0.279195
2.481718 -5.117027 0.309520
2.644890 -5.272084 0.803166
2.797814 -5.672812 0.614966
1.374902 -3.419437 -0.572679
2.800884 -5.428768 0.346088
0.663815 -2.858465 -1.293421
3.335210 -5.169232 0.030138
2.952213 -5.954670 -0.009414
2.191948 -4.226043 -0.042783
1.216474 -4.374088 -0.036904
2.631056 -5.428330 0.719120
0.762476 -3.231183 -0.902557
1.355637 -3.489248 0.053796
3.502393 -5.841843 0.094242
2.674271 -5.592558 0.645467
3.022225 -5.445797 0.756382
2.253031 -5.828715 -0.030886
1.811116 -4.497765 0.287026
2.661408 -5.699790 0.473850
2.989123 -5.042568 0.473634
1.465326 -4.266292 0.098527
3.200278 -5.077383 0.511631
1.108981 -4.205900 -0.356584
1.177513 -2.917214 -0.953496
2.854834 -5.232938 1.019495
1.200518 -3.693175 -0.160482
2.169506 -5.653660 0.032569
3.454661 -6.114499 0.473081
3.410587 -5.603951 0.601043
3.639687 -6.065509 0.287671
3.386590 -5.462596 0.601636
0.617124 -3.228502 -1.121628
1.719206 -4.624687 0.207852
2.609827 -5.087407 0.884403
1.804003 -4.675792 0.274573
1.268319 -3.475116 -0.020487
1.550530 -4.476629 0.108618
1.476094 -4.488908 0.023254
1.405323 -4.047345 0.106577
1.622394 -4.063146 0.263537
0.832931 -2.849571 -0.771381
0.858882 -3.477479 -0.621974
1.298252 -3.857824 -0.029233
1.313149 -3.288227 -0.732321
3.288401 -5.186016 0.034452
1.111087 -4.099982 -0.306762
2.689015 -5.075856 0.986405
1.130954 -3.100848 -0.247682
2.261062 -4.680126 0.838705
2.475264 -5.501304 0.252859
3.071662 -5.476787 0.690974
1.061993 -4.051601 -0.169961
1.003213 -3.087802 -0.543442
2.462459 -5.186415 0.311968
2.899226 -4.618715 0.328668
1.148244 -3.130239 -0.944521
1.173745 -2.747040 -0.909987
0.916152 -3.294347 -0.635825
1.372105 -4.099501 -0.360502
1.655231 -4.677316 0.079034
3.313189 -5.257615 -0.103363
1.834214 -4.834521 0.254522
1.827970 -4.077325 0.460879
2.470388 -5.237104 0.634058
1.342801 -3.415485 -0.713104
2.044960 -4.476828 0.659762
3.235641 -5.142019 0.018172
1.022643 -3.632983 -0.348320
3.342061 -5.363968 0.502207
2.472740 -5.388605 0.599680
2.234084 -4.893907 0.656334
3.273603 -5.300608 0.487105
0.622740 -3.126091 -1.143689
1.811193 -3.954727 0.410740
1.961200 -4.681751 0.493997
2.024149 -4.932636 -0.184023
2.223591 -5.259549 0.092422
1.174888 -3.828266 -0.161877
2.032385 -4.608360 0.589222
2.372159 -4.692860 0.867030
1.262743 -2.826547 -0.766951
2.818062 -4.654694 0.366911
3.465320 -6.028034 0.604197
2.148810 -4.057861 0.143351
2.561118 -5.259491 0.713242
0.835042 -2.698698 -0.931756
3.287420 -5.954172 0.308798
2.243961 -5.026346 0.585281
1.104058 -2.745338 -0.985695
3.296443 -5.680241 0.509646
2.607084 -5.375287 0.761582
3.299385 -6.071778 0.462461
1.893376 -4.616469 0.396984
2.193241 -5.014825 0.512910
3.715449 -6.005756 0.517082
2.684442 -4.721555 0.389656
3.557768 -5.904176 0.035467
1.478875 -3.854600 0.210534
2.393973 -5.034365 0.689767
2.382993 -4.507776 0.260517
1.491442 -3.732153 0.245613
2.904543 -5.789809 0.258991
2.498346 -5.449324 0.352558
1.998185 -4.844770 0.405537
2.158068 -4.266464 -0.182570
2.175736 -5.041011 0.269221
1.650297 -4.449017 0.191582
2.754995 -5.398937 0.830619
1.038021 -2.919819 -0.937064
0.784590 -2.898341 -0.908099
1.266555 -4.013107 -0.014528
0.981269 -3.301347 -0.534086
3.054591 -4.896939 0.450937
1.369465 -3.872749 0.107860
3.348006 -5.874205 0.507186
1.668535 -4.475805 -0.212114
1.992043 -4.029763 -0.293223
3.471159 -6.064109 0.334682
2.320944 -5.290518 0.489265
2.889257 -5.299654 0.459647
0.823240 -2.692796 -0.715952
0.688927 -3.258731 -0.989539
2.607585 -5.619644 0.201533
3.050202 -5.836611 0.502381
1.276632 -4.315454 -0.022388
2.510777 -5.453338 0.760697
3.218208 -4.939952 0.518797
1.359877 -3.455965 -0.877855
1.915020 -4.487133 0.557355
2.011409 -5.033570 0.247846
1.096228 -3.498579 -0.342627
1.886498 -4.482741 0.457528
3.061115 -5.288034 0.444351
1.929918 -4.816452 -0.176958
2.624660 -4.761203 0.068005
1.272375 -3.301143 -0.005672
2.547034 -5.787923 0.045017
2.212436 -4.544082 0.434527
0.833342 -3.443288 -0.701929
0.761578 -2.886698 -1.112496
2.218757 -5.394509 0.131135
1.180912 -2.746166 -0.828792
2.805092 -5.666391 0.430116
0.907931 -3.617866 -0.539542
1.039542 -3.472409 -0.470892
1.096660 -3.926703 -0.174368
2.123248 -4.264432 0.025079
1.041917 -2.903592 -0.446546
1.626334 -3.721364 -0.366563
2.098412 -4.075085 0.107066
2.497873 -4.843819 0.970089
0.928606 -3.027874 -0.619342
2.810066 -5.146947 0.771891
2.366720 -4.966347 0.706785
2.909338 -5.009378 0.362675
1.658435 -3.725316 -0.226141
3.442279 -5.898125 0.570729
2.874891 -5.662552 0.239773
2.458088 -5.406145 -0.012630
0.999852 -3.580574 -0.455992
1.914417 -4.337386 0.555793
0.708334 -2.957098 -1.193992
